Eigvals	29
0.497814987189	0.240257812519	0.20479834967	0.162504883611	0.131609535562	0.122478085688	0.117125782254	0.114799662671	0.10104065468	0.100022132321	0.0970867292993	0.0947592820256	0.0898010464573	0.0870148678573	0.0833771279001	0.0825956322775	0.0796484999697	0.0790105082706	0.0738190374009	0.07297945074	0.0713759608571	0.069998333069	0.0669303234514	0.0647319262768	0.0633880497476	0.0621221749198	0.0601040737464	0.0573062078752	0.0

Proportion explained	29
0.158111739041	0.0763086317874	0.0650463004378	0.0516134114313	0.0418006951932	0.0389004421741	0.0372004893292	0.0364616871195	0.032091668665	0.0317681743033	0.0308358566986	0.0300966327992	0.0285218404196	0.0276369181994	0.0264815303432	0.0262333183867	0.0252972754263	0.0250946419588	0.0234457713773	0.023179109042	0.022669822298	0.0222322719411	0.0212578369632	0.0205596008527	0.020132770282	0.0197307139447	0.0190897419083	0.0182011076769	0.0

Species	0	0

Site	29	29
515rcbc12	-0.010859999499	0.0370000067249	-0.217037328075	0.0163823241454	-0.224754390855	0.11648632314	-0.0198599734661	-0.00808015532764	0.0711622472755	0.00243323225731	-0.081115272127	-0.0323306671329	-0.0278160724065	0.0311271698583	0.015634512441	0.0227183442974	0.0189507417317	0.0203604144954	-0.0200224811835	-0.00402485105324	-0.00306122430037	-0.00193032124124	-0.00382297376862	-0.0442981950932	0.00589256285853	0.0254548272556	0.0268730874503	-0.0115967995326	0.0
515rcbc23	0.0585825855759	-0.098019825983	-0.0521585409507	-0.0761326452301	-0.0265564792523	-0.0319776885617	-0.0390301775873	0.0325013382884	0.0239675517794	-0.0628519375165	0.0368156089661	-0.00623760214662	0.0255217668506	-0.0650052494183	-0.0413926002264	0.0318666304499	0.0741165459163	-0.043786771473	-0.0187960981971	0.0285862993752	0.0159450827819	-0.0230599630436	0.0713232153981	-0.0344693345556	-0.0863388383	-0.146471829325	0.0031593778378	0.0210082642906	0.0
515rcbc30	-0.0700262399634	-0.17100837102	0.138759614141	0.0610516225089	-0.0970440780679	-0.105159245271	-0.020283262237	-0.166693436119	-0.041793147198	-0.108895611902	-0.087015202403	0.0200355690028	-0.0585845412318	0.0293896436322	0.0121839737054	-0.0355981310252	-0.0109694510105	0.0174084120665	0.00569837595992	0.0195279576176	0.0257770343195	0.00912127408222	0.00217850213871	-0.00334045541187	0.00781777248818	-0.00344798297216	-0.00271920536485	0.0135930634562	0.0
515rcbc29	-0.0124996359552	-0.0506969446521	0.0255760460674	-0.0600144189844	0.0226845881894	-0.0484558878405	-0.07273635805	-0.0117558089972	0.0174238825662	0.0847827536097	0.0511297505705	-0.132700248163	-0.0473433197558	0.0192463732904	-0.0790111970705	-0.0705039305774	0.0860293219669	0.0297880807844	0.0377612234658	-0.0828529200661	0.0422256246585	0.0158017869456	-0.0389497808818	-0.0706828078648	0.0510553431535	0.00356660935332	-0.0202667529844	-0.0280249588809	0.0
515rcbc9	0.0248423270799	-0.128413193695	-0.0133161505512	-0.0526024621583	-0.00909262720412	-0.0021493230997	0.0167609467457	-0.0224981041511	-0.0551207586714	-0.0258449819777	0.0282285812603	-0.0220876739629	0.0514065458923	-0.106657813972	-0.0497656835068	0.0510031168199	-0.0842256299562	0.0795046183263	-0.0455713378638	-0.0980613605241	-0.0656632446005	-0.0158607338359	0.00577807788959	0.0076158386098	-0.0425529138149	0.0592104598957	0.0423760933034	-0.0716452193474	0.0
515rcbc35	-0.0806711351507	-0.176965654094	0.0848491688096	0.0860488349001	-0.0851830254464	0.0476425727615	-0.00679471838089	0.130336239183	-0.0959648361731	0.126149341944	0.0689460200942	0.0847171096153	-0.0562525168097	0.00602774984651	0.0479040739225	-0.00578347526956	-0.0127542948765	-0.0385424315465	-0.0315694033884	-0.00057124243644	0.0351990839829	-0.0379028266653	0.0044605407012	-0.0210723502884	0.00116748971712	0.000401547086529	0.00562139698217	-0.00708608562166	0.0
515rcbc18	-0.15619899089	-0.0158448747956	0.0699330917539	0.00255528596382	0.0504512761752	0.0198921277766	0.0243083413391	0.00848537983673	0.024993629843	-0.00946651822874	-0.0110376155498	-0.0377347511983	0.095914098482	-0.0201609648051	0.0208779422729	0.0178413552698	-0.0195634498125	-0.0428345756255	-0.0575834763812	0.0558312073956	0.010234331593	0.0737104331831	-0.0877365793315	-0.12985921083	-0.04741564801	0.0494174813988	0.0179315731987	0.0648318902165	0.0
515rcbc15	-0.138238691811	0.0929133183837	-0.0242792170237	-0.00936463587431	0.0121509271662	-0.00338318903201	0.0900773199699	-0.0401033632854	-0.0564321063424	-0.0392337018357	0.096791108712	0.0573661685714	-0.0130217031151	0.0977033790038	-0.0146882081291	0.0390424170249	0.112150343054	0.0334882391085	-0.0895302030741	-0.0436701647852	-0.0140612035053	0.0694985377749	0.0736264055572	0.00758284706449	-0.00233467533315	0.0363035767038	-0.0196219241073	0.015743831328	0.0
515rcbc26	-0.210177183766	0.0297885642052	0.132493746096	0.132669072717	0.0121653726893	0.00100962898333	0.0334092830263	0.032964672619	0.173975326669	-0.0189477213972	0.0503633066502	-0.0162953721539	-0.0700189205765	-0.0495711190918	-0.0380284565759	0.0719129360047	0.0185333455049	0.0381123068489	0.0253991648705	0.0390182200451	-0.0650858859331	-0.0381093393235	0.00674454149031	0.0181510540847	0.0306729767001	-0.00493268022872	0.0197972902307	-0.0154151460259	0.0
515rcbc25	0.242545364665	0.248913831346	0.178045739785	0.0337842240721	-0.136691788782	-0.024291562989	-0.0979096261449	-0.0242433619236	-0.0222495234122	0.0277949683214	0.0517866872057	-0.0107995722605	0.060831990748	-0.0498015051997	0.0117877832182	-0.0283311008411	-0.000756845916809	-0.0225176428887	-0.0376018907182	-0.00945798798823	-0.0418516580217	0.0161902043932	0.00279274649434	0.0210680252509	0.0088975517017	-0.0061561590616	0.000640423110098	0.0205876770813	0.0
515rcbc32	0.202708668389	0.060298035011	0.113798349757	-0.0613356485023	0.0204696042439	0.00660660954716	0.0658386084375	0.109948602238	-0.049302213131	0.0120744604338	-0.136534304157	0.000479745997897	-0.0734739501176	0.0297008901133	-0.0440705514936	0.0496680512644	0.0196696719762	0.0582046560901	-0.0016077720541	0.0533589585917	-0.000269942935904	0.0771492893697	-0.028766171451	-0.000756404222619	-0.0302993348298	-0.0290694709923	0.000798296900131	-0.0687089743756	0.0
515rcbc8	0.210013439643	-0.0462710000798	0.0682394653816	-0.0697347990561	-0.0473598732058	0.048949097622	0.156799182587	0.0202319585616	0.0420051354872	-0.0650411036977	0.0722273872998	0.0064994080842	0.0708013922901	0.0773759224269	0.0401807434291	-0.0552783300322	0.00384658361219	0.0491197880754	0.0770624516562	-0.00376059849737	-0.00133821646512	-0.0876860654476	-0.0412159117287	-0.0167017140913	-0.0096756564697	0.00332967029735	-0.0296068328734	0.0134959213365	0.0
515rcbc16	0.207031695183	-0.0234036065247	0.0196610066427	0.0360698694706	0.0688367111987	0.0715185277507	-0.0437757292262	-0.0361143457245	0.0311787098712	-0.0138420426239	-0.00559970208108	0.0743592272102	0.0496623898446	-0.0517690055975	-0.00070198081175	0.0577156030883	0.028886359786	-0.00040764059722	0.0723585826786	0.0110233149554	0.12496446724	0.027187461748	0.0877850140349	-0.0287133184456	0.0570379117012	0.0685821251679	0.035431037684	-0.016462166406	0.0
515rcbc36	0.178958872807	-0.00424527817905	-0.159275063601	0.22713167796	0.0138627812342	-0.187400632008	0.069029466574	0.0643050796425	0.0159914273772	0.0121848344103	-0.0114612982979	0.0046121417204	0.0474956825063	0.025315997604	-0.031018593869	-0.019490467578	-0.0231529811106	-0.025879486976	0.0116271013066	-0.0280136437581	-0.00438572506012	0.0268855121915	-0.00495334862435	-0.0101047536256	-0.00298568509837	-0.000412963377626	0.0018774995485	-0.00268205653225	0.0
515rcbc31	0.160538339671	-0.00410808536382	-0.0447962712978	0.0853957490779	0.104394186146	0.124061603331	-0.0221504209903	-0.139946833423	-0.00502117812902	0.0890690158708	0.00424371491696	0.0599369097231	-0.0587746047854	0.0253908974131	-0.0759763886609	-0.0405063292127	-0.0293729532715	0.0227936945852	0.00189099723401	0.0178077845242	-0.0672463944415	-0.0178248780613	-0.0142591700736	-0.0221210922673	-0.0669139390685	-0.0302854053925	-0.01186014353	0.0448284109559	0.0
515rcbc22	-0.0783486896217	0.135807691484	-0.0293030761825	-0.025298045055	0.0409048539713	-0.0551946929551	-0.0288927251178	-0.0373593667217	-0.0605261818852	-0.019866524522	0.00541404009715	0.0149135376231	-0.0457630615624	0.0222080887836	0.0502697858798	0.0267379949897	0.0543693569935	-0.100128222194	0.0800631482684	0.00173467368726	-0.0198470102069	-0.0849640947635	-0.0390992818617	-0.0197979267216	-0.0800749665057	0.0486961922179	0.0711151467786	-0.0713023598704	0.0
515rcbc17	-0.107782911573	-0.0394123482945	0.0182996353116	-0.0311381034064	-0.0346755927729	-0.00482583519396	-0.0552782312352	-0.0321528163957	0.0133022831108	0.0674253812297	-0.00804082429323	-0.00430332799922	0.0908408726934	0.100784372354	-0.0510193521449	0.148046131652	-0.0411765471148	-0.0385619406276	0.0594886585629	-0.0262279427584	0.026318200627	0.0130299606238	-0.0433890684108	0.0860833529996	-0.0184437776615	-0.0212227561303	-0.0614885383097	0.0124215220584	0.0
515rcbc24	-0.135035489057	0.0338679988927	-0.00132069979358	-0.0231417252174	0.0209229311339	0.0105673416134	0.0826355626585	-0.0536079016955	-0.0372914494093	0.0609397271173	-0.0766636425527	-0.00582478472382	0.104524182289	-0.00642668101219	-0.0642677599124	-0.0469937103484	0.010344463213	-0.0529444110616	-0.061784241833	0.0686935600975	-0.0123740745985	-0.0857456553221	0.0365107665043	-0.00401207311297	0.0966972570213	-0.0297101552554	-0.00726612132969	-0.067667961176	0.0
515rcbc21	-0.150430870489	0.125775614696	-0.0500142470006	0.0822620239924	-0.0046880016959	0.0609591850076	0.0389857480088	0.00568120638349	-0.0888953547401	-0.0494107557759	0.0490271131699	-0.112795699816	-0.0306936630035	-0.0580876837661	-0.0175098543265	-0.0363571164362	-0.0689013874076	0.029218081396	0.0348691885651	0.0479550335959	0.107258633183	0.0018412983772	0.0204385223255	0.0370114494399	-0.0506573132706	-0.00148056579788	-0.0683014741328	-0.00695768908738	0.0
515rcbc10	0.0274191542231	-0.0412982870343	0.0272992235017	0.062344866605	0.0878772630154	0.104356482221	-0.118137358119	0.102981987141	-0.0271218896688	-0.145459923473	-0.0360386966034	-0.0595872390358	0.00821693508195	0.0894487073112	-0.000143322540219	-0.0258792547764	-0.0255640458264	-0.0625072462755	-0.0228405597503	-0.0473946915329	-0.0632839590189	-0.0144153903983	0.0311386060803	0.00490981029499	0.0408708673971	0.00192771512647	-0.0150059173349	-0.00285666087335	0.0
515rcbc14	-0.0839436487363	0.0727012966117	-0.040581325412	-0.0772033888583	0.0139252673147	-0.045612600922	-0.0165881535761	0.00216528478194	0.0215446104381	0.00246016411012	-0.0161050185639	0.0888661544811	-0.0333011646111	-0.0462794613827	0.076170238615	0.00860915057876	-0.0717720919746	-0.00137190182438	0.0482755038101	-0.0343470347497	-0.0549928092485	0.0242293611323	0.0356030080804	-0.0922758891815	0.0331705590308	-0.0206405943385	-0.137434757569	-0.0278503967607	0.0
515rcbc19	0.0863807396397	-0.0406233398196	-0.0633161977935	0.0315365355769	0.0854537282637	-0.0399033878421	-0.0750546508372	-0.0131691132723	-0.0174068621589	0.0317898619746	-0.0202090330541	-0.0528185323742	0.0205350412187	-0.0158700333016	0.145369346766	0.0536187645742	0.0717656361137	0.110456588356	-0.068406290911	0.0510829719512	0.00049293177986	-0.0659165945243	-0.0351979282003	0.0368998053108	0.0121534250224	0.00344642047522	-0.0441299023856	0.0119696475297	0.0
515rcbc27	-0.0728281851519	-0.03396953411	-0.0779335240488	-0.0115109804235	0.0086520114379	0.0382242993068	-0.0506333111693	0.00142564814362	0.0370200364823	-0.0567361394115	0.0567350730896	0.109669343571	0.0294170049632	-0.0392390040101	0.00397800235758	-0.090136163548	0.0319080864212	-0.000906522346371	-0.00660610320932	0.025159807015	0.0106925133058	0.0845718035358	-0.118580256943	0.0781401784554	0.0210654680356	-0.0327968836867	0.0067552371045	-0.0749945382193	0.0
515rcbc11	0.18056425044	-0.0324475346646	-0.0162151196863	-0.0556305672293	0.0274259916552	0.0205866710899	0.113084665427	-0.0510819393815	0.0376582992619	-0.00345726928107	0.00332241344901	-0.0505876205045	-0.106001678725	-0.0635678235182	0.0392933424808	0.0415301947557	-0.0154789857491	-0.138884288954	-0.0652211452809	-0.0532423851915	0.027886912532	0.00839333098633	-0.0413434614116	0.0548063865278	0.0460628433411	0.000883866195148	-0.0156845750858	0.0311750454324	0.0
515rcbc34	-0.157286584224	0.0359830386315	0.0690419991847	0.000753730591247	0.0438130784076	0.0197231588431	0.030153277673	0.0146414478471	0.0836050528347	0.0652925777944	-0.111248472055	0.0040902952034	0.0383731524592	-0.00650974442489	0.0792100947724	-0.0922900010002	0.00997018703082	0.0153647622284	-0.00055408064906	-0.114001770471	0.0359189038739	0.0127076540809	0.0566566267476	0.0558721245439	-0.0775784937276	-0.0237669917807	0.0334755152588	0.0141177326577	0.0
515rcbc37	0.00970352772628	-0.104973907435	-0.0414116862088	-0.0730341202599	-0.00550194952156	-0.0151838637578	0.0127462038655	-0.0121465712877	-0.00927847081973	0.0626110670422	0.0472526361142	-0.0864489768625	0.00240666077941	0.0201208370815	0.0649270821862	-0.037050758588	-0.0244756342156	-0.0223136503358	0.0742950671653	0.0982471262509	-0.0932778753546	0.0968927371825	0.0832794755617	0.0452721568772	0.012328298686	0.0215132712989	0.0471749432376	0.00602051985666	0.0
515rcbc33	0.0132900589298	0.0760683882217	-0.0265978295981	-0.111941744009	0.0360704959589	-0.0784762175185	-0.0561418346077	0.0133770420123	0.0712230150059	-0.00154689034979	0.0549806133195	0.02568793996	-0.0486564929792	0.0943021269201	-0.00717350862799	-0.0146630142417	-0.139089022393	0.0378030508023	-0.0794948696502	0.0352734778882	0.0744307527052	-0.0341523683581	0.0170377223546	-0.00757906634335	0.0126128125278	-0.012288441516	0.070920997745	0.000382207431024	0.0
515rcbc28	-0.0281467173915	-0.0117223265401	-0.0392351540487	-0.100330026881	-0.0145747249906	-0.0546122886783	-0.0364567971505	0.0871339342974	0.00831914412023	-0.00760548907342	-0.0548514501427	0.0569720472489	-0.0238812856482	-0.0512929139743	-0.0954981269855	-0.0527599811813	0.0352531901941	-0.00498324815557	0.00677520492842	0.0375623282833	-0.0150295309991	-0.0470487663686	0.00393024600902	0.056878035779	-0.0153740972128	0.117414262363	-0.0432668980238	0.0977117128156	0.0
515rcbc13	-0.110104050691	0.0743063280777	-0.0492056551585	-0.0195725064363	0.0160614635927	0.00604278667572	0.0258947215834	0.0227732967311	-0.106966380383	-0.016800775049	-0.0213435230336	0.0223464703215	-0.00236474077068	-0.0379031521642	0.00247866283492	0.0313110738871	-0.00854051287852	0.054947287718	0.071625285672	-0.045236127462	-0.0155757178922	-0.00259364825357	-0.0419700846811	-0.0045064731823	0.0931421999202	-0.0774651449808	0.0927051266604	0.105363566263	0.0

Biplot	0	0

Site constraints	0	0
