Eigvals	29
0.499912815244	0.230834772626	0.205818131471	0.159007111954	0.130824215799	0.121455656985	0.118397326064	0.110549904864	0.106737116114	0.10159866196	0.0967227673381	0.0934252045944	0.0915760100309	0.0875108931941	0.0851948986153	0.0839932141829	0.0806001516604	0.0788091040236	0.0779835366291	0.0762972122585	0.0740398249777	0.0728363111075	0.0692711035324	0.0668294303151	0.0643688992465	0.0611972264226	0.0591503399112	0.0555368543327	0.0

Proportion explained	29
0.15817629651	0.0730379144646	0.0651224549519	0.0503110848944	0.0413937977139	0.0384295129593	0.0374618333086	0.0349788483063	0.03377245234	0.0321466055462	0.0306038346271	0.0295604601698	0.0289753606511	0.0276891261188	0.0269563274506	0.0265761051652	0.0255025138364	0.0249358124568	0.0246745965228	0.0241410303978	0.0234267755338	0.0230459744001	0.0219179150399	0.0211453506746	0.0203668195388	0.0193632776296	0.0187156268436	0.0175722919482	0.0

Species	0	0

Site	29	29
515rcbc12	0.0211910703912	-0.052534559165	0.193639511166	-0.0975078435505	0.218375148275	-0.0268689408116	0.0756870007927	0.0184869584741	-0.124007350499	-0.00751233067883	-0.0134233677117	0.0118765374453	0.035921598407	0.0317967328112	-0.0473055213583	-0.0392501266109	-0.00400722465981	-0.00301489786312	-0.00893299434314	-0.0185872873507	-0.0276549627431	0.0121621396	0.0350665552406	0.0375158549599	-0.00842509263592	-0.0244023059128	0.0102873670485	0.00681774987058	-0.0
515rcbc23	-0.0514829727011	0.079931376022	0.0934631119759	0.0616553947301	0.000145228912966	0.0137353225959	-0.0154851363505	-0.0424204728999	-0.00306306857993	0.0160165845647	-0.0510233555407	0.0154485927002	0.0759862741171	-0.00513850368307	0.0299403592699	0.0722938798652	0.0732812506799	0.0969563049387	-0.0200362707862	-0.000828454700399	0.0704218956761	0.0162257605223	-0.0475149808946	0.0447447337784	-0.0681736242528	0.0485925252294	-0.0492444921317	0.105957465576	-0.0
515rcbc30	0.0796066893871	0.210984134279	-0.0998903422392	-0.0380174358866	0.0895605367825	0.0643572000624	-0.0438979734373	0.19745504682	0.0640070614966	0.0369362498158	-0.0685911702064	0.032678639129	-0.0217999137798	0.0550172590805	0.0087451830306	-0.0348034604459	-0.038871942646	-0.000945320453524	-0.0336987022697	-0.0264554670267	0.0259095925378	-0.00230122961115	-0.0224714473426	-0.0147942446886	-0.0185357919234	0.012711004645	0.00731963459419	0.000171547634002	-0.0
515rcbc29	0.030416595539	0.0403149506775	0.0017573128157	0.0663849376628	-0.0257351628607	-0.0422063101719	-0.114415121809	0.00859982210416	-0.0846966528252	-0.116272422139	0.0157840714629	-0.042936720285	-0.0158954673088	-0.0746093761149	-0.00925435607719	-0.0182952949516	-0.0257800257515	-0.0124468410062	-0.0671794883675	-0.0657205582959	-0.0768817437564	-0.0832097260269	-0.0757139569765	0.029371584212	-0.0769017265423	-0.0200828047056	0.0194144240152	-0.014715985762	-0.0
515rcbc9	-0.0193932621521	0.126076472454	0.0535971381924	0.0515616966503	0.0347718306965	-0.000575952413709	-0.000856207472793	0.0341706761997	0.0323954806237	0.042213153899	0.10776048774	-0.0492277722664	-0.0269560487091	-0.0964025034878	0.0566356978369	0.051581280451	0.0949300550103	-0.00990712910733	-0.0844084836327	-0.00107561677659	0.018157521007	0.0106933049477	0.107591701732	0.0328250650649	0.0371569850804	-0.0377013221226	-0.00696679034575	-0.0523804010923	-0.0
515rcbc35	0.0772222477172	0.193558134803	-0.0841119664224	-0.0880703264175	0.080599250873	-0.0430001022851	0.00192311739292	-0.212603920778	0.110604730959	-0.0479321919672	-0.00800133228041	0.0334481170252	-0.00750937694893	-0.00342672633997	-0.00997886849973	-0.0450892844505	0.0188140387626	-0.0139113993547	0.0267889600011	-0.00898215908714	-0.0131341604874	0.0252051989862	-0.0191921073686	0.0196845561014	-0.00436843668856	-0.0191465089956	0.0208733172274	-0.0173797782961	-0.0
515rcbc18	0.155864935864	0.0107228514065	-0.0545534011631	0.0244715678777	-0.0459212187483	0.040045680613	0.0314494833562	0.022259294288	-0.0591604938347	0.0363914942373	0.0305777522166	0.00316031303297	0.0602851535467	-0.0302773908194	0.0589569147822	-0.0197800828795	-0.0116583594645	0.0372911002021	0.10844906099	0.0418877379856	0.0456635922123	-0.0335430596325	-0.00218967203391	0.0744903233536	-0.00136479417706	-0.0433225779214	0.14458714562	0.00682802686695	-0.0
515rcbc15	0.144914520893	-0.0917026391669	-0.00490153317675	0.00653482946843	-0.0246432526595	0.0318933217867	-0.00462658214617	-0.0043822102635	0.0761313851049	0.0115336881946	-0.0376102528029	-0.0950702325335	-0.0190938855134	0.10586031964	-0.0703166041673	0.0706069790957	0.0113435605402	0.0815738972265	-0.015673827928	-0.035581492885	-0.0581745025389	-0.0265645520025	-0.0179464972511	0.107477174737	0.0755828832939	0.00413167570233	-0.00409100727038	-0.0400835662334	-0.0
515rcbc26	0.198621501898	0.0100185126583	-0.158459781732	-0.0947807221794	-0.0542416700963	0.0327950344354	0.0722814189598	0.005900355593	-0.116437498205	-0.0485543986586	-0.105140195877	-0.041241251537	-0.0317687145205	-0.0483344565496	0.00744071436109	0.0924238578665	0.0314195849761	-0.0625031032587	0.024573716736	0.00888265468099	-0.0175192473741	0.0531930659918	0.0466636740116	0.00039714809515	-0.0249181621618	-0.0011440604771	-0.0561124493558	0.00807368336416	-0.0
515rcbc25	-0.236781539415	-0.181032942882	-0.227491631139	-0.00694245391866	0.152702551074	-0.0476834553634	-0.0747524980932	0.00602073192802	0.0252407620191	-0.0143206899405	0.0336888534687	-0.0513313125576	0.0831743979944	-0.00147978585626	0.0563025580771	0.0481321980398	-0.0183590030074	-0.0207561741927	0.0134449739096	0.00840741431697	0.020578675713	-0.00806758424186	0.00177085682665	0.00537816063299	0.00567262122859	0.0124561671477	-0.0110381023975	0.00997795067375	-0.0
515rcbc32	-0.207162774778	-0.0411813175168	-0.110453409055	0.0441980859373	-0.0274821217463	0.0762414803161	0.0068418127383	-0.0178753186616	-0.0415159772491	0.0605527854721	0.000433787895111	0.118391302366	-0.026045724277	0.00830243766351	-0.142421068306	-0.0358094719925	0.103618962744	-0.055391180563	-0.00874108252361	-0.00792459861278	0.0212889185711	-0.0727285783642	0.0146075703257	0.0376908275644	-0.0116445477431	-0.00327813060328	-0.003324638168	-0.00543148849763	-0.0
515rcbc8	-0.218671649024	0.0327246378183	-0.0397979596825	0.0767635349616	0.0333333509204	0.120094214923	0.1090717077	-0.0829875498931	-0.0414089567898	0.0607164308577	-0.0174654831794	-0.0554866865334	-0.0852004706802	-0.0373835561854	0.0142706194905	-0.00244201892853	-0.122104440268	0.08361142339	-0.0142461009004	-0.0414251546763	-0.0102447892488	-0.0101173133986	0.00688648180637	-0.0514053613465	-0.000914757938359	-0.011574486154	0.000359369566605	0.0038094960188	-0.0
515rcbc16	-0.196190761525	0.0327564186476	-0.0138171244887	-0.0198053111503	-0.0558584698239	-0.0871143080479	0.0645096313177	0.0611974835169	0.0170779939604	-0.0591105515939	-0.0343562212837	0.0515482702839	0.0583157797422	0.0215248009757	0.0009203785325	0.0376320192357	0.0784521874527	0.103673196177	0.0333383465946	-0.0276631964564	-0.0899934909466	0.0017777680694	0.0190787883671	-0.105332300437	0.00301385216695	-0.0338518967778	0.043694733924	-0.0326378035727	-0.0
515rcbc36	-0.183566658298	-0.0242411577787	0.100180546762	-0.26457295494	-0.0901224713721	0.121903411971	-0.131731860714	-0.0290040090025	-0.0151889495	0.0144702884919	0.0264034849307	-0.00538845202776	-0.013099767123	0.0246923817249	0.0489464075477	0.0166505652795	-0.00476266848834	0.000346932841094	-0.0148250955692	0.0115504854371	0.000678726118192	-0.0068110586383	0.00380134121494	-0.0129486136436	-0.00435671354496	-0.00228853333531	0.0200476974785	-0.00565571407194	-0.0
515rcbc31	-0.181007498003	-0.00647517257728	0.0235013944041	-0.0695324691922	-0.0427534728056	-0.113743676982	0.114964879203	0.0658750710153	0.059327696347	-0.0920859035059	0.0320384123493	-0.00930732598782	-0.135029119767	-0.00345159613011	0.00895505575253	-0.016738222456	-0.0282596879264	-0.00176301009632	0.015290720278	0.0693123779943	0.040230325853	-0.0443501480367	-0.00318549229623	0.0707561616547	-0.0119592118914	0.0419742669282	-0.00452446008865	0.0425758667946	-0.0
515rcbc22	0.071604112133	-0.137697699578	0.0282088663065	0.0538604816279	-0.016307461555	-0.00912485078914	-0.037814457816	-0.016427900125	0.0652510834663	0.0127951014901	-0.0673334077433	-0.0411058219502	-0.0163694858428	0.0198146005565	-0.0187304794573	-0.0669017800697	0.00105410101356	0.0313061960265	-0.0265814794864	0.0748291709482	0.0307202217666	0.0437565529555	0.0782033873188	-0.0216970018781	-0.147995056377	0.00212504523438	0.0182139269131	-0.0696229242901	-0.0
515rcbc17	0.115878125565	0.0452781107795	0.00725371652346	0.0137233029161	0.050849417962	-0.000263443074642	-0.0713248121447	0.00691607749465	-0.0431601232382	-0.00931732893526	0.0899618392316	-0.0858793813971	-0.0532891251882	-0.0117521210698	-0.127938527285	0.0220814913257	0.0372450143208	0.029143009283	0.0497346279766	0.0849209968567	0.0226426997133	0.020988467531	-0.0375529567781	-0.107978522157	0.0329085158775	0.0530792709073	0.0271912569301	0.0301279540366	-0.0
515rcbc24	0.138228975121	-0.0381851742543	-0.0142027178485	0.0168379193762	-0.0224353669448	0.0657355047624	0.0554846221464	0.0219112610557	0.0300370274506	-0.0172369870328	0.182615247873	0.0165116122904	0.00438344129325	0.0853800984212	0.0295139854021	-0.020593016646	0.0051042622029	-0.00625329200729	0.0649029958498	-0.0509252507441	-0.0285181783421	0.015851255036	-0.0154628428794	-0.0168142900702	-0.0758647043922	-0.0524267606113	-0.0906045078491	0.019042438546	-0.0
515rcbc21	0.164258296341	-0.144108993048	0.00736708513738	-0.0801066380802	-0.00275734356635	0.031507739166	0.0612118689266	0.0272872592888	0.0778082814412	0.028405192739	-0.0242034873112	0.0168237299391	0.0494671500204	-0.152855617323	-0.00171869869726	-0.0806437445339	0.0194656992444	0.0367556448541	-0.0444555588835	0.0303639705739	0.0022320476774	-0.0380298961899	-0.081735344339	-0.0351006189762	0.0482236104178	-0.0259416051201	-0.0533602406753	0.00219592875812	-0.0
515rcbc10	-0.0340560371183	0.0608963134152	-0.0331702241459	-0.0259356915875	-0.0790764079792	-0.169851674647	-0.026666535389	-0.00897212717134	-0.0597668427587	0.194719478802	-0.00625436053944	-0.0699142516776	0.00910178799967	0.0301608265901	0.0173695101918	-0.0852527536787	-0.00214613067979	-0.01613942065	0.00856945181294	-0.00447775824128	-0.0512553490972	0.0105268147298	-0.0080937220094	0.00737937858666	0.00803391143512	-0.000807297245292	-0.0402557361006	0.0268674114753	-0.0
515rcbc14	0.0748055152958	-0.0820999457181	0.0430337123754	0.0784224963264	0.0102072643296	-0.0139695125147	-0.0545780585256	-0.0195179528876	0.0464198803381	0.00219253480981	-0.0558798834337	0.041943932	-0.0760454159748	0.04107454714	0.0329791145578	0.0366138758916	-0.00261200053978	-0.0584152094165	-0.0388538448284	0.0339267725118	-0.03100042686	-0.00664230566597	0.0211296107147	-0.0420103691093	0.036176708335	-0.120640697267	0.0368511609348	0.119830025221	-0.0
515rcbc19	-0.0906795773756	0.026726835142	0.057932380512	0.00300359426884	-0.0698403495486	-0.0339632551965	-0.0253652004329	0.0361371475104	0.0622081931816	0.00475436843457	0.0150594779539	0.0261115330688	0.0790208245227	-0.0763381753671	-0.133039125093	0.0603370397784	-0.128620107366	-0.0384590386134	0.0308345223205	-0.0354210907824	0.0234493931164	0.0941193207451	0.0192090065984	0.0309264378689	-0.000696704825707	-0.0434574262175	-0.00488642541689	0.00736179865505	-0.0
515rcbc27	0.0525366957564	-0.00956120751503	0.0932001195307	0.00449317142433	-0.0138064988071	-0.0642296443983	0.0346158491135	-0.0280399717622	0.00333306376218	0.0137003040796	-0.0414299787068	-0.0374729181182	0.00678380072753	0.043073855866	0.0153800991936	0.0558531239423	-0.00102753369345	-0.0738073348808	0.0317427385654	-0.0827321595667	0.147320574177	-0.0973948940049	-0.0334555072614	-0.0726297477163	0.00668539731909	-0.0175840124964	-0.00559580867273	-0.063131545349	-0.0
515rcbc11	-0.169325754935	0.0150483288803	0.0321493212986	0.0829028034712	-0.0377850665769	0.0606117190528	0.0686949137868	0.00769147252101	-0.0205135251157	-0.0516393220053	-0.0141783912113	-0.0582704109192	0.0422310224785	0.0567549776147	0.0320910994767	-0.0514827912266	0.0397876593753	-0.0927882904259	-0.0515723347491	0.0446926808467	0.00413290948728	0.11750496221	-0.108863290044	0.00902541371165	0.0387453134158	-0.00546802115314	0.0275976555488	-0.0340562566395	-0.0
515rcbc34	0.15165180171	-0.0188787335924	-0.0883509023264	-0.00715994892806	-0.0724717462968	-0.0444676421957	0.0100248550742	-0.037456638417	-0.0708218015171	-0.0638774123958	0.0586382820043	0.069697608069	0.0490806084265	0.0644088455442	-0.00148634263429	-0.0408455394696	-0.0593504514429	0.0504894710169	-0.138921505956	-0.0141686358635	0.0691491145355	0.0147004101472	0.0604798089963	-0.0227688699018	0.0584860708328	0.041508502987	0.0096730450546	0.0154713847844	-0.0
515rcbc37	-0.00901377993386	0.0882309974255	0.074004258597	0.0703507320357	-0.0224585888269	0.0681021090059	0.00156091679788	-0.0133579410769	0.0354611097289	-0.0503210868327	-0.0323305982917	-0.0330817751243	0.109606789193	0.0129622001352	0.0118419663881	-0.0392374494091	-0.0392108445667	-0.0654636419624	0.0463092435334	0.0662172776467	-0.0684848598613	-0.103152668127	0.0896394099866	-0.0167224381139	0.035771625067	0.0665551191555	-0.0428896374439	0.0190169406674	-0.0
515rcbc33	-0.0162185712063	-0.0695833147399	0.0431213654595	0.06756058203	-0.0024017594483	0.00746107843835	-0.102367279321	0.015971673167	-0.0164983849057	-0.0605275212405	-0.0471958942479	0.0294526959077	-0.0734269646699	-0.0387081922347	0.045722220258	-0.0983121644287	0.0328070145848	0.0283005610458	0.106273645392	-0.102811462015	0.0300502355694	0.0688050092073	0.0377828344205	0.0148453639172	0.0729572952925	0.037661271546	-0.0293229401351	-0.00150361229281	-0.0
515rcbc28	0.029833158985	0.0155432842657	0.0361924354835	0.0591063203618	0.0283805210317	-0.0331028374315	-0.0508185737057	-0.0133733412675	-0.059910108174	0.0292746905283	0.000107963757343	0.143099755182	-0.0377369984074	0.0102505837586	0.0496830746624	0.0723379913034	-0.0582034486049	0.0240485715605	0.0267021172251	0.114919252365	-0.0246706705457	0.00171802745001	-0.0526894430108	0.0163646141006	0.0238794056876	0.000258047028007	-0.0637929483008	-0.0956869618642	-0.0
515rcbc13	0.106916593869	-0.0915285011412	0.0405987168794	0.0106003447042	0.00717332880421	-0.00431821080608	0.0463782200526	-0.00946097677096	0.0508459833118	0.0740358005103	0.0313477194838	0.0655216744751	-0.0240921497585	-0.0309164663613	0.0364946327638	0.058932900103	-0.00234952180202	-0.0715310247101	-0.0188283509608	-0.0651304490837	-0.0750940619299	0.0256849558104	-0.015843767075	-0.0186704203007	-0.0271748703558	0.142065550605	0.0798994494966	0.00816036901895	-0.0

Biplot	0	0

Site constraints	0	0
