Eigvals	29
0.268184979108	0.12876556813	0.0738865836053	0.0566662509997	0.0469067833166	0.0305480944523	0.0246524053937	0.0197245589747	0.0148245102181	0.0113830818166	0.0109153064904	0.009634605672	0.00869375511062	0.00808285809303	0.00626261434007	0.00596261441938	0.00521224766614	0.00459458985136	0.00340242779321	0.00288928818336	0.00229145383212	0.00192823744665	0.00142845797395	0.00123063448588	0.000618891259229	0.000397221702087	0.0	0.0	0.0

Proportion explained	29
0.358015309053	0.17189644559	0.0986353827582	0.075646986017	0.0626185201783	0.04078038044	0.0329098913939	0.0263314302716	0.0197900778223	0.0151959202492	0.014571460488	0.0128617804723	0.0116057858017	0.0107902647935	0.00836031837391	0.00795983149846	0.00695812444552	0.00613357806645	0.00454209345344	0.00385707434231	0.0030589914268	0.00257411331421	0.00190692940639	0.0016428436345	0.000826192973894	0.0005302737346	0.0	0.0	0.0

Species	0	0

Site	29	29
515rcbc12	-0.169897662619	-0.0704358936311	0.133120932545	-0.0462212079702	0.0440822674809	-0.0250265806831	0.022070064114	-0.0431773310477	0.00331780242827	-0.0411344140439	-0.00140031790722	-0.0059158011474	-0.019068154976	0.00538615163833	0.00186912435586	0.00451477850213	0.00640357589906	0.000667241694286	-0.00926770985768	-0.00608758411834	-0.00666371581899	-0.00204631440963	-0.00618429945772	-0.000104796350169	0.00110197395576	0.00491896900036	0.0	0.0	0.0
515rcbc23	-0.0509279707185	-0.0142073933848	0.0714039023952	-0.0757995811796	-0.0504883343492	-0.0116852969798	0.0132077269238	-0.0121198255261	-0.0160783001717	0.0110588431203	0.0205526495806	-0.0174337816308	0.00914181486857	-0.00431938545621	-0.0210472233668	0.00157873784408	-0.0284226933097	0.00353356535951	0.0232649912926	-0.00122360750408	0.00869792497171	0.00559250369124	0.00534682696877	0.00627364156774	-0.0032185667049	-0.0044014493954	0.0	0.0	0.0
515rcbc30	0.113188380055	-0.0371288992273	-0.0532933484611	-0.0627039753728	-0.051595842254	-0.0179319964807	-0.0208462676225	-0.0410953586481	0.0295380461471	-0.00855418028004	-0.0015168317938	-0.0235376635604	0.0134970323075	-0.00788930013321	0.0345546146645	0.00345255835028	-0.00507187127261	0.00835727506347	-0.0157287894297	0.0108931861466	0.000844747090583	-0.0036082564404	0.00916188738506	-0.00360523840229	0.00228866561849	-0.000181189119157	0.0	0.0	0.0
515rcbc29	0.0159475778597	-0.0306980556928	0.0025111409682	0.0157386623819	-0.0498266120565	0.0167331202022	0.0225037819162	-0.00516623517167	-0.00406327342517	0.0158879539851	0.0333538847867	0.0397238640159	-0.0181481014616	0.00255946564431	-0.00220270022106	-0.000477297146345	-0.00871455222302	0.0352945852828	-0.017344126056	-0.00713827000934	-0.00926635286784	0.00899359842196	0.00295213183241	-0.000126196251796	0.00393849014383	-0.000925181620046	0.0	0.0	0.0
515rcbc9	0.0272562786543	-0.000687582833087	-0.000853528698099	-0.0607044735566	-0.0603576932831	-0.00101787166747	-0.00916226246309	-0.0046661185274	-0.00953141897638	0.0282086578538	-0.0182395953331	0.0202566107232	-0.00179853239629	0.0155944803272	0.0112983398406	-0.000899509978219	0.014477962057	-0.0287614066567	-0.0068677789247	0.000491345678736	-0.00452589281599	0.0148455875003	-0.013015041887	0.00978415676506	-0.000557220951666	0.000640778912115	0.0	0.0	0.0
515rcbc35	0.0931453878904	-0.0900154431538	-0.0836988968843	-0.0561826028043	0.0372990404383	-0.0656594289942	0.0813385915557	0.0539098266452	-0.00125716975679	0.0019786819199	-0.0178996178451	7.97956610213e-05	-0.0045022972319	-0.000154356409504	-0.00391854193342	-0.00570400244618	-0.0132124628114	-0.00223848685535	-0.00303357199682	-0.00631630335336	0.00342393447465	-0.00130972494543	-0.00228605527576	-0.000557897130197	0.00230742488884	0.00175805127306	0.0	0.0	0.0
515rcbc18	0.0963439864343	-0.0372120595516	-0.00758028993025	0.0249304515038	0.00652313734797	-0.013248523947	-0.000964165550542	-0.0124865553994	0.00276012154682	0.00671089757349	0.0269063220242	-0.00274329643184	0.00300710935935	0.013169444052	-0.0132948050101	0.0218334662793	-0.00742402569326	-0.00196857205154	-0.00132102074916	0.0245130358685	0.00228306016086	0.00462637856584	-0.0121060600094	-0.0122160392499	-0.010228176223	0.00372413678192	0.0	0.0	0.0
515rcbc15	0.0816325056695	-0.0567823297506	-0.0155489726574	0.0909549014796	0.0221686743895	0.0296217386309	0.0380717843927	-0.0168382306781	-0.0292803543111	-0.000157913749026	0.014281391733	-0.0409456716163	0.0202955885656	-0.00909310127484	0.0186536976089	0.00132979707194	0.00218199781483	0.000408168314805	0.00793923004498	-0.00705879515946	-0.00454143691244	0.00484252755627	-0.000834236075958	0.00907342061629	0.00117530512403	0.00487683182457	0.0	0.0	0.0
515rcbc26	0.152150582159	-0.0608822123885	-0.0163258281206	-0.00693074021548	0.0106787207688	-0.0373025248888	-0.0614358600137	0.00892436380523	-0.015842089802	-0.0244697009596	-0.00652974135885	0.0159849969576	-0.0199310488161	-0.00630185029317	0.00720082274243	0.0148535117552	0.000941413248472	0.00983532384245	0.0166693586109	-0.00509751181155	-0.0105837281274	-0.0145857447745	-0.00450858765464	0.00759872983479	-0.00423228528004	-0.00435797214214	0.0	0.0	0.0
515rcbc25	-0.051938387486	0.191664015052	-0.040398385272	0.0490814409255	0.00601569300604	-0.0680010172535	0.0061952217395	-0.0319838773467	-0.0467011960336	0.0128746566022	-0.00906331842011	-0.0108988692079	-0.0260490298361	0.000771890351938	0.00720577603756	0.0112328551063	0.000211502470345	0.00242151437178	0.001165079515	0.00186875091226	-0.00256542716411	0.00494290270425	0.002145106742	7.12781315143e-05	0.00217581610789	-0.00115206397007	0.0	0.0	0.0
515rcbc32	-0.0376849180127	0.0982871311998	-0.0530858880361	-0.0339345486348	0.058053003142	-0.00891282762386	-0.0134773129649	0.0153761787136	0.0260459571087	-0.0273466029012	0.0181657252174	-0.0251048161105	0.00956493894201	0.00277552833468	-0.0176171765792	-0.02543409799	0.0111022285041	0.011930022508	-0.00693151667911	0.0096309397189	-0.00797592655301	0.0107406172761	-0.00669479191217	0.00605718733457	7.2219176041e-06	-0.00568958620529	0.0	0.0	0.0
515rcbc8	-0.0512139395108	0.0684084727617	-0.0790609344283	-0.0439390546635	0.051141378592	0.0175455938919	0.00839932756896	-0.0621127785906	-0.017655480867	-0.00192175229563	-0.00961973914793	0.0366465915913	0.0303110859508	-0.0109835337288	-0.0153362437822	-0.00336878751455	-0.00811118899133	-0.00622169323589	-0.00336565194574	-0.00493936652214	0.00451361661539	-0.0111660373473	0.00269077402495	-0.00221637096377	-0.00191064396181	0.00209231972802	0.0	0.0	0.0
515rcbc16	-0.0426554802355	0.0779346402675	-1.94135654194e-05	-0.0301537995789	-0.0438012486736	0.00375571013345	0.0108899584351	0.0371020105455	-0.00896873057706	-0.0027720650525	0.0424059740315	0.0137728008376	0.0158471192821	-0.0167375045282	0.00850324533346	-0.00116004953652	0.0280814139856	0.00784657474362	0.0106347007714	0.00260452688578	0.0066706897994	-0.0139565407232	-0.00796595581209	0.000891506639163	0.00272028267444	0.00548580338327	0.0	0.0	0.0
515rcbc36	-0.348814909142	-0.137255455892	-0.0864911264679	0.074623014473	-0.0452337676662	-0.039650063016	-0.0310953601069	0.0100163459445	0.00703860550107	0.00239420763636	-0.00437645861731	0.0010113194638	0.00814923604169	-0.000690652432352	-0.00119540579041	-0.00413057215723	0.000447671034332	-0.00138989114616	0.00161647086387	0.00154816453663	0.00234778478213	-0.000232694013608	0.000598351034708	-0.000525080684977	-0.00108281159492	-0.000378289448912	0.0	0.0	0.0
515rcbc31	-0.0772184227185	0.0313221320069	-0.0351696294772	-0.0271261411092	0.0377699887724	0.0605543933238	-0.0266555120766	0.0374145739685	-0.0109826811768	-0.0139469350599	0.0179022752577	-0.00835814677435	-0.0392553159129	-0.00661005883069	0.01214195233	0.017192246911	-0.0187434137451	-0.0149361336451	-0.00579210205972	7.68122857726e-05	0.0141762252673	0.00200459128646	0.000123776415847	-0.00516271770806	0.00468908688644	0.000143878224867	0.0	0.0	0.0
515rcbc22	0.0175592552848	0.0520181817698	0.0504029999584	0.0437678791016	0.0179318489663	-0.00487466386747	-0.0105258043535	0.0128524849063	0.0119804931142	0.0139018863339	-0.00989194618394	-0.00618875511303	0.0153756866227	0.00503613419191	0.014801391876	-0.00386066804445	-0.00476731217596	0.0119216243659	-0.0154904656042	-0.0264020516202	0.0163009205603	-0.00237810869769	-0.0102320590144	-0.00401227273437	-0.00900890654775	-0.00387959340481	0.0	0.0	0.0
515rcbc17	0.0696184111972	-0.0336883507471	-0.028941201179	0.0353939557241	-0.0382900344888	0.0355600130248	0.00923718993583	-0.0185362524301	-0.00493630997625	-0.00370493591785	0.0255370911006	-0.0119838769722	-0.0115310729251	0.00409009020556	-0.0173872835614	-0.0193732888454	-0.00307459826172	-0.0279325842323	-0.00520924161679	-0.0120640658484	-0.0152193916333	-0.0122865382023	-0.00303986910976	-0.00678724273387	0.00113445063718	-0.00505814560446	0.0	0.0	0.0
515rcbc24	0.0921284293523	-0.0303261160716	0.00228247737577	0.012537387948	-0.0188646169532	0.0268605683156	-0.0562361167346	-0.000442814369952	-0.0190809945881	-0.0256999947562	-0.0303781180493	0.00335967362576	0.0189728043125	-0.0122279987089	-0.0172487274325	-0.00582886209305	-0.0101876502406	0.00843371650694	0.00370235535141	-0.00472603280129	0.00554276772364	0.0138003919849	-0.00788763734162	-0.00282113352559	0.00859665267041	0.00375645111874	0.0	0.0	0.0
515rcbc21	0.0365032070777	-0.0131266493758	0.0520483346555	0.0328386247169	0.0853998114643	-0.027935936615	-0.0407975785685	-0.000362695539576	0.0246210627077	0.039361437935	0.0199160014201	0.011692523948	0.0108779536728	0.0304890412903	0.00342711913023	-0.00866772856197	-0.0140061250578	-0.00632017898335	0.00384734463453	0.00558932894424	0.000583838049113	-0.00705977108671	0.00245763175216	0.00583004288785	0.00951844137328	0.00196602307355	0.0	0.0	0.0
515rcbc10	0.00355518587032	-0.0107332677925	-0.0120499352439	-0.0199630816393	0.0231756894192	0.0020244847755	0.000668322142098	-0.0291799954193	0.0580670170823	0.0255837516414	0.006598613379	6.23532230588e-05	-0.016544837221	-0.032987185091	0.00625234815666	0.00380486368248	0.0165089434968	-0.00724384920401	0.0189936085001	-0.0127718492465	0.00381360671134	0.0095816511599	0.00113743579789	-0.00360337993441	0.000328015726783	-0.00130317025737	0.0	0.0	0.0
515rcbc14	0.0069509830714	0.0634053511583	0.0874556462424	0.0388654642417	-0.0568269804731	-0.0258203426984	0.0183515607397	0.0193162294122	0.0077825091719	-0.0241519500339	-0.00292905701649	0.00720715209206	0.0178573242547	-0.0137257003342	0.00806649375659	0.000743389028886	-0.0109284555369	-0.0196938827706	-0.0112277212619	0.00978969568033	0.00509854513905	-0.00535964576368	0.00277669714833	0.00406694157856	0.00288926515508	-0.00421866985845	0.0	0.0	0.0
515rcbc19	-0.0502721399577	0.00483682353194	-0.00676622213433	-0.0358238114899	0.00328178554206	0.0368947098771	-0.012902332624	0.0249744121855	0.00407365062664	0.0234020641777	-0.0129144720797	-0.0242885207258	0.0140628697089	0.00643272423235	-0.0233960932896	0.0415782492541	0.0108352746229	0.00326425894845	-0.0157090722173	-0.00603837192958	-0.00893221023459	-0.00649125778301	0.00725310321537	0.00831158864626	-0.000842046656424	0.000723824580451	0.0	0.0	0.0
515rcbc27	-0.00225631013249	-0.0358847130264	0.0276165793616	0.0306442574751	0.0179595566259	0.0481741303125	0.0164540935999	-0.00686444635541	0.000269491050117	0.0251975846612	-0.0314677363698	0.000730641738226	-0.0279286269422	-0.0321570578316	-0.00554342946942	-0.0203824172692	-0.00114150947822	0.00964651875924	-0.0063212728347	0.0228732453615	0.00530842523556	-0.00898649581653	-0.00318440531532	0.00957184280222	-0.00338884146134	-0.000394496664542	0.0	0.0	0.0
515rcbc11	-0.076076770055	0.0571976143472	-0.0114256027617	-0.024345885515	0.00267174859782	0.0479443732136	-0.00091752235854	0.0235095255357	0.00518273283835	-0.0109360538606	-0.00849133502303	0.00987357466262	0.00227351787464	0.0211555114172	0.0286659712442	-0.0179982764655	-0.0189443975149	0.000524184694297	0.0120038375488	-0.000235307523186	-0.0146058472179	0.00321961666194	0.00698506344928	0.00137780602597	-0.00928274507562	0.00430462465715	0.0	0.0	0.0
515rcbc34	0.101149522948	-0.0460298299363	-0.0128060807849	0.0300778743744	0.00744497186918	0.00313033574556	0.00139630102375	-0.00715781139358	-0.00690509067211	-0.0291250781581	0.0107048933307	0.0151720130844	-0.01161172028	0.0255718887635	-0.00987120813645	-0.00560182889587	0.0262953108734	-0.00658187671289	-0.0031609779777	-0.000754626975998	0.0209010798682	0.00644921792404	0.0171310174139	0.00723356150257	-0.00462132512531	0.000115060645872	0.0	0.0	0.0
515rcbc37	-0.0384494988872	-0.0305658009266	0.00819903514016	-0.0194636392598	-0.00278234774852	0.0431216764132	0.0323850297271	-0.00932051774148	-0.0148772609472	0.00484901266837	-0.0266914732578	-0.00608477206805	0.00542242840902	0.0392499966039	0.0108431657796	0.00244370564257	0.0170859387373	0.0132091543654	0.0154409991795	0.00815440236877	0.00531262001821	-0.00555909471004	-0.00355996606916	-0.010135803066	0.00606126271964	-0.00755628548857	0.0	0.0	0.0
515rcbc33	0.03567596079	0.0870351403972	-0.000409008775353	0.0730957206525	-0.0293470500152	0.00875740030854	0.035800144157	0.00717576968026	0.0580643536279	-0.0219077413821	-0.0252053948454	0.0143141673542	-0.00295390168626	0.00562751433937	-0.0141057122077	0.0201173042565	-0.00506666834455	0.000206814142308	0.0124147059492	0.000559400667852	-0.00619016548734	0.000760386938405	0.00103522272206	-0.000989070701301	0.00180326381336	0.00194714764239	0.0	0.0	0.0
515rcbc28	0.0509812107286	0.0442503571334	0.0433543816298	-0.0172499472809	-0.0449178978262	-0.0270549695954	-0.03007254492	0.0179734815051	-0.00509690393322	0.0180296448122	-0.0170195054714	-0.0244001717986	-0.01688876238	0.00439152816805	-0.0171992821898	-0.0256391565918	0.00978987160325	0.00314587099888	0.00050127078656	-0.00385293426447	-0.001425424623	-0.00547661390183	0.00880159798935	-0.011214531493	-0.000886198162686	0.007063527943	0.0	0.0	0.0
515rcbc13	0.00361954443255	-0.0406998062438	0.0655288626059	0.00799285527239	0.0607351093649	-0.00655620385799	-0.00188045761386	0.0329656413376	-0.0274845877366	0.0063900375297	-0.00269016314121	0.0179960641786	0.0215548918925	-0.028423704508	0.00587977011355	0.00385107985163	0.0134538203096	-0.00735785846817	-0.00142293383774	0.00611384363208	-0.0133242670115	0.0101028669444	0.010902341043	-0.0120639334028	-0.00147585166759	-0.0040213356101	0.0	0.0	0.0

Biplot	0	0

Site constraints	0	0
