Eigvals	29
0.268430895503	0.129272508727	0.0737736340114	0.0576135305009	0.0470252635061	0.028946767922	0.024856815827	0.0195659968871	0.0145834433311	0.0130239439609	0.0108254145768	0.00965026868464	0.00909457997819	0.00737833793476	0.00645564737661	0.00600979571931	0.00477821892869	0.00428547720363	0.00343642206888	0.00295587350703	0.0024810237014	0.00201175140461	0.00145816537346	0.000975678557636	0.000758946249536	0.0	0.0	0.0	0.0

Proportion explained	29
0.358075725882	0.172444186472	0.0984109802269	0.0768540697082	0.0627297589319	0.0386137926345	0.0331579654932	0.0261002315879	0.0194537109704	0.0173734032326	0.0144406558541	0.0128730597785	0.0121317939993	0.00984239801029	0.00861156692151	0.00801681922853	0.00637394666554	0.00571664955917	0.00458404508337	0.00394301315303	0.00330958312808	0.00268359326952	0.00194513237227	0.00130151489119	0.00101240294527	0.0	0.0	0.0	0.0

Species	0	0

Site	29	29
515rcbc12	-0.167489736184	-0.068784513754	0.132190061584	-0.0485179838046	0.0401559914836	-0.015199041459	0.0190787635735	-0.0460491037725	0.0144595646672	-0.0414453203972	-0.00741430295363	-0.00621502059982	0.0205430372942	0.00377481596984	0.00124355178932	0.00578179725772	0.00825290488788	0.000420746279395	-0.00291658814	-0.00875205056142	-0.00817205479564	-0.00195202740885	0.00437538942634	0.00290368674785	0.00380778755932	0.0	0.0	0.0	0.0
515rcbc23	-0.053581730595	-0.0192735071483	0.0691496875458	-0.0777923105387	-0.0545127871754	-0.00825671803102	0.0210726301909	-0.0156877375999	-0.0122495894975	0.0076699538424	-0.0206316248408	-0.0106252961361	-0.013714633992	-0.0181321029311	-0.0204819177306	-0.00284314196912	-0.0158682455224	0.000609930525187	0.015587234282	0.00876436795685	0.0149952896752	0.00683169394783	-0.0058059421388	0.0043042341072	-0.00602621742713	0.0	0.0	0.0	0.0
515rcbc30	0.11493934061	-0.0339605116486	-0.0565219964489	-0.0636857102878	-0.0507542469888	-0.0153993529597	-0.0261930837249	-0.0379429646348	0.0271833168429	-0.00286258277806	0.00148271880852	-0.0169777055824	-0.0209346229945	0.00999669847101	0.0216147118714	0.0215239800678	-0.0061214810944	0.014986639362	-0.0188383239848	0.00242419475879	-0.00111756236684	-0.00549431036717	-0.0095538634768	-0.00464334909103	0.00104906604575	0.0	0.0	0.0	0.0
515rcbc29	0.0176043136533	-0.0310843150075	0.00422972165977	0.0154810507576	-0.0524454208888	0.0144050583001	0.0193233950906	-0.00310337453377	-0.0123127405272	0.0210019839207	-0.0266369357127	0.0414899770629	0.0165073795999	0.00473614879192	-0.00717207707001	-0.00521208768231	0.00183292876024	0.0365499179607	-0.00685026150375	-0.0184109694706	0.00197521900943	-0.0064239507054	0.00244401208272	0.000130291019495	0.00429089295687	0.0	0.0	0.0	0.0
515rcbc9	0.0273707303854	-0.00170480289208	-0.00399334697468	-0.0614660801185	-0.0613138139404	0.000505062425885	-0.0112571447092	0.00150454879002	-0.0181133166072	0.0222521219028	0.0291058786845	0.0116474652746	0.00806361314725	0.0204434599706	0.00460194178154	0.00921253503133	0.00261290731978	-0.0283527898056	-0.0124392432777	-0.0043462414008	0.00113693898646	0.00254985558561	0.0150549815489	0.0110752146207	0.00243647859293	0.0	0.0	0.0	0.0
515rcbc35	0.094369904821	-0.09004124479	-0.0845682585171	-0.0572698335428	0.0410897198715	-0.0543980097349	0.0886363560367	0.0478597951723	0.00462909176325	-0.00111814627576	0.0138771336227	-0.00548734871409	0.0132846009213	-0.00832599361614	-0.00102629401509	0.00120826270225	-0.0116666872732	0.00135003336846	0.00247525547798	-0.00652844488664	-0.00186814861399	0.00543565032438	-0.00088477894038	0.000681009229478	0.00258914270765	0.0	0.0	0.0	0.0
515rcbc18	0.093912427205	-0.0346099000437	-0.0077846426001	0.0258025187614	0.0096448964204	-0.00909159427163	0.00314410567335	-0.0140630301645	0.00542400702795	0.00782589604785	-0.0267842762473	0.00757046017246	-0.00792125582214	-0.00215223967874	-0.0271911104717	0.0120172407084	-0.00425586233908	-0.000107449905262	-0.0125747046025	0.0183255039974	0.00745296016006	0.00170803912634	0.0160839773823	-0.00325552735021	-0.00760033030853	0.0	0.0	0.0	0.0
515rcbc15	0.08308480167	-0.0582344522816	-0.0119121094165	0.093338011526	0.0266920751271	0.0316823994391	0.0363045787639	-0.020441424124	-0.0180999039224	-0.00516757036918	-0.011967510431	-0.0348626843024	-0.0325184439389	0.0035819274468	0.0137846818257	0.00963300406412	0.00455647348751	0.000732528917309	0.00753454777549	-0.00552294637721	0.00318093185839	-0.000508721157914	-0.000918506063298	0.0114809071419	0.0030115150635	0.0	0.0	0.0	0.0
515rcbc26	0.150843634689	-0.0618216048717	-0.0169678703227	-0.0083420882966	0.0071653216757	-0.0416601373292	-0.0546026579901	0.00986338577433	-0.0131786827377	-0.0268254780912	-0.00444339254313	0.00871864900568	0.0202652738869	-0.00673502910414	0.00386553507845	0.0083597367549	0.0144768965171	0.00716262768718	0.0210287156656	0.00897110054889	-0.0184569869398	-0.00286095865207	0.00225619102931	0.00209069306671	-0.00749474519603	0.0	0.0	0.0	0.0
515rcbc25	-0.0555756012979	0.186539733151	-0.0371100531783	0.0479377214361	0.00674447454419	-0.0648551093677	0.00915672328888	-0.0312381583963	-0.0461999845787	0.00680680908738	-0.0026112937437	-0.0235712065529	0.0254543380188	0.00133266035498	0.000873066000997	0.016865565205	0.004979630804	0.0050681836715	-0.000703702581325	0.000550494364607	0.00541946094671	-0.0023572492766	0.00134951715498	-0.000228982268064	0.00101847741002	0.0	0.0	0.0	0.0
515rcbc32	-0.0397343559095	0.100202549439	-0.0536057972043	-0.0339451374059	0.0560438086991	-0.0118908788111	-0.0118684892834	0.00804079811999	0.0349617630971	-0.0276111846621	-0.0190864497486	-0.0117442468791	-0.0152871972587	0.00110041550468	-0.000717929281029	-0.0347901239387	0.00024497933715	0.00662051803186	-0.0151002585977	0.00531201726986	0.00102910181879	-0.000420872528772	0.0106110561573	0.0038005883481	0.00217516785122	0.0	0.0	0.0	0.0
515rcbc8	-0.0518649209797	0.0668646098354	-0.0774020591952	-0.0421442343688	0.0470466517831	0.0218778815956	0.00848672219251	-0.0621800557362	-0.0262245472405	-0.00499657366793	0.0291223524642	0.0373444385936	-0.0175028749462	-0.0203841702336	-0.00631385387325	-0.00901775816834	-0.00763054035987	-0.00486523963006	0.00404443771548	-0.00383463792438	-0.00715133074447	6.14682084198e-06	-0.00595638322556	-0.0025439805367	-0.0021031401606	0.0	0.0	0.0	0.0
515rcbc16	-0.0444051708188	0.0814390049869	-0.0049977467483	-0.0250920748495	-0.0408891437687	0.00420334903695	0.0193958405005	0.0356108719784	-0.0133630109153	-9.73059378839e-05	-0.0304005491532	0.0208929474656	-0.0270749202681	0.00312561695438	0.0140137936192	-0.00601103076716	0.0308398022949	-0.00126849932843	0.0057249137925	0.0100397460671	-0.00926606031994	0.0106572489187	-0.00380032030587	0.00266332435167	0.00379075435125	0.0	0.0	0.0	0.0
515rcbc36	-0.3463452895	-0.143704069194	-0.0869869438588	0.0744404932966	-0.0415862155579	-0.0419254042866	-0.0276996900544	0.0101879291293	0.00440937003181	0.00163857345695	0.00747727107104	0.00153294879601	-0.00790264150341	-1.63976805146e-05	0.000747966347544	-0.00452325911543	-0.00240199976891	-0.00185229868128	2.11579442546e-06	0.00195802734668	0.00158196840521	0.00117029193536	-0.000283604379275	-0.000697645075199	-0.00109786851669	0.0	0.0	0.0	0.0
515rcbc31	-0.0783194793528	0.0338732712242	-0.0333719357392	-0.0253047918749	0.0373086394286	0.0555094575435	-0.0309032962371	0.0362383638357	-0.00665360295274	-0.00963270080246	-0.0365104686973	-0.005122105409	0.0290991051801	-0.00607485519422	0.0065145708012	0.0267178175711	-0.0128676157958	-0.0100154596659	-0.00519775048665	-0.00577089532379	0.00526209696762	0.0120268831845	-0.00497007285265	-0.00643603096178	0.00206596457279	0.0	0.0	0.0	0.0
515rcbc22	0.0192899370318	0.0502126377693	0.049584461463	0.0397165493334	0.0180098879669	-0.00577192344212	-0.0107617048372	0.0119099430336	0.0130789765858	0.0101283661722	0.0184723463875	-0.00535551204039	-0.0217810662878	0.00919695320372	-0.000110622817792	0.00180581328862	-0.00340154206056	0.00904305182667	0.000478631018191	-0.026822191552	-0.00750563712166	0.0197485843806	0.00632240861337	-0.00469730562945	-0.0113491890542	0.0	0.0	0.0	0.0
515rcbc17	0.0727566021463	-0.0333827402478	-0.029436997525	0.039339257872	-0.0353092836559	0.033914800971	0.00950982017254	-0.0216481584344	-0.00379469675224	0.00520379517289	-0.0332530986597	-0.00991457566612	0.00672675986723	-0.00508262895274	-0.000692194824199	-0.01953705088	-0.0162467186623	-0.0256089045661	0.00560852443981	-0.00729410339969	-0.018909087495	-0.00903521367325	0.00506017263783	-0.00647961559545	0.00165172724306	0.0	0.0	0.0	0.0
515rcbc24	0.0959695630833	-0.0288126875513	0.00272763027934	0.0122217560232	-0.0192809952555	0.0230996422153	-0.057854452816	0.0040045590513	-0.0126199299189	-0.0354391726812	0.0240999532729	0.00121647894839	-0.00803182875493	-0.0203475691335	-0.00738319731689	-0.00187584158317	-0.00732004644593	0.00856458825741	0.00898315597155	-0.00252660578557	0.0117853854693	0.00989146571029	0.00550752426117	0.0015975066338	0.0121588359196	0.0	0.0	0.0	0.0
515rcbc21	0.0334320620613	-0.01178309451	0.0593247727185	0.025898099199	0.0871273931846	-0.0378337968664	-0.0364865479634	0.00382111839852	0.00286233977586	0.0419952710845	-0.00597009172983	0.0179696879818	-0.00884848710031	0.026761589273	-0.013335448704	-0.000304208356092	-0.0195017409754	-0.00297433994311	0.00149005516827	0.00934302003754	-0.00734952200147	0.00137172074854	-0.0101630697398	0.0041605552925	0.00871305558227	0.0	0.0	0.0	0.0
515rcbc10	0.0012456429338	-0.00694605826027	-0.0108198834711	-0.0246369467544	0.0215238289506	-0.00201794970868	-0.00769108286413	-0.0311080733693	0.0527178115252	0.0452697198886	-0.00641751635803	0.00448032863009	0.00665471591686	-0.00645981904491	0.0242522511632	0.00201382981516	0.0183538858547	-0.0085104825813	0.0215622973186	-0.0037368502396	0.0126240926222	0.0020143504848	0.00244193404176	-0.00382241643866	0.000634005863762	0.0	0.0	0.0	0.0
515rcbc14	0.00427975100005	0.059450577552	0.0854644276398	0.0415123166815	-0.0615726554316	-0.0268337218727	0.022877225909	0.0152588241233	0.0138325097606	-0.0196258450814	0.0065487564318	0.012650176621	-0.0119599950298	-0.0153741524858	0.0139883796067	0.0103380170888	-0.0142009152322	-0.0104913863389	-0.0119332759039	0.00550538740639	-0.0103840620409	0.000904568298534	-0.00646379940404	-0.0029185570144	-1.92841273843e-05	0.0	0.0	0.0	0.0
515rcbc19	-0.0545246680648	0.00721030765891	-0.0101183028516	-0.0331391688948	0.00906118265672	0.0358206214179	-0.0188774642516	0.0270635238883	0.00952739475169	0.0230267030321	0.00957434298922	-0.0256869213797	-0.00875851753942	-0.0189342560155	-0.038304731155	0.0143330647867	0.0213067453375	0.000176357531851	-0.00825202577548	-0.00847593870967	-0.0110911069621	-0.0127695822971	-0.00686565224945	0.00508561721985	-0.00153119768316	0.0	0.0	0.0	0.0
515rcbc27	-0.000766082647392	-0.0351475029743	0.0301659731125	0.030885954588	0.0190487771758	0.0484403687857	0.00433625687767	-0.00399095791631	-0.00484580598822	0.0293059831462	0.0210747800554	-0.00805484539274	0.032824691653	-0.0253203822576	0.0249064499058	-0.0180950242443	-0.00111816183189	0.0129366137555	-0.0163645207518	0.0184894839292	-0.00447596143468	0.00746695305106	-0.00223997840431	0.00639681039395	-0.00452901439072	0.0	0.0	0.0	0.0
515rcbc11	-0.0750918192197	0.0622896915196	-0.00936986341789	-0.0206750547855	0.00242588757147	0.0437855675749	0.000383530595577	0.0285751735858	0.0055402849699	-0.0154162628371	0.00684066135615	0.00682147969354	0.000779302209265	0.0303745010955	0.0157326747694	0.00390468987966	-0.0240073442644	0.00892679020951	0.0162873116234	0.0023399486213	0.00384713117229	-0.0169577591625	0.00133922730357	0.00753285764114	-0.00807565386705	0.0	0.0	0.0	0.0
515rcbc34	0.102736869018	-0.0469029662431	-0.012542452932	0.0298268267048	0.00730569216103	0.0018865110185	-0.00185952965763	-0.00929797095023	-0.00433619961855	-0.0313392740928	-0.00349426405341	0.0140825574238	0.0151934621889	0.0252599869668	-0.00922066241614	-0.0179841955793	0.0176223788431	-0.0169999037059	-0.0125110405855	-0.00646247671815	0.0164232235691	0.00323396508865	-0.0167299282345	0.00179690318074	-0.00727129322753	0.0	0.0	0.0	0.0
515rcbc37	-0.0372401615811	-0.0334122630335	0.00882922283841	-0.0162157780467	-0.00399198833161	0.046768727006	0.0311410649349	-0.00350944558596	-0.0165339849508	-0.00243916905285	0.0269426932542	-0.0174979923541	0.000280687877752	0.0379360724256	-0.0120291204912	-0.00101870836991	0.0106678759864	0.00827588473277	0.00623097175711	0.0176230530318	-0.00472557752708	0.00517557036746	0.00238337793755	-0.0150514949691	0.00326744530838	0.0	0.0	0.0	0.0
515rcbc33	0.036862169214	0.0865999000456	-0.00183529160771	0.0778617340854	-0.0273723720334	0.0116119429109	0.0281621802484	0.00603909312018	0.0584510775982	-0.0133334377611	0.0237323188102	0.0141500787361	0.0171908731146	-0.00742644856537	-0.0190353021328	0.00993923190462	0.00425670865792	-0.00357310261651	0.00845518726552	0.00629607447182	0.00502829724284	-0.00544981442836	-0.00119932289897	0.000263313277266	0.00363149584443	0.0	0.0	0.0	0.0
515rcbc28	0.049671527912	0.0449304971246	0.0417928928303	-0.0196539733362	-0.0460240183585	-0.0305263364823	-0.0262867665878	0.0188572664747	-0.0081718078169	0.013644460003	0.00853322875912	-0.0334402475934	0.0117660745123	0.00112072153305	-0.00111906774879	-0.0354660840348	-0.00289195157664	0.000173400580964	0.00496495330763	-0.00677823738502	0.0043209085154	-0.00625507103123	-0.00410163928033	-0.00519570265192	0.00143167872382	0.0	0.0	0.0	0.0
515rcbc13	0.00656973871601	-0.0400065458549	0.065886700338	0.00361887664066	0.058658712686	-0.00785141561832	0.00133271692788	0.0354252607424	-0.0303797043728	0.00158038773076	0.00873733890499	0.0139880341966	-0.0223974299521	-0.017975523068	0.0179939554882	0.00302392856263	0.00949673511484	-0.00697795592988	-0.00677661218242	-0.000679830073656	0.0144100919445	-0.0197074572842	0.00470709201693	-0.00999290469045	-0.000625557637623	0.0	0.0	0.0	0.0

Biplot	0	0

Site constraints	0	0
