Eigvals	29
0.26654403923	0.128264014126	0.0734540493012	0.056757164675	0.0447324995838	0.0287293961304	0.0242800100649	0.0196298980423	0.0145273259794	0.0123481016828	0.0099287789081	0.00946157667862	0.00915724842056	0.00755863620967	0.00628290984016	0.00593225791043	0.00471764471645	0.00471572515105	0.00358659285266	0.00274547417939	0.00231275247487	0.0020989479043	0.00150386393493	0.0010223737333	0.000695888308586	2.83558198863e-05	0.0	0.0	0.0

Proportion explained	29
0.359701018303	0.1730922088	0.0991261947124	0.0765937590973	0.0603664808939	0.0387703025481	0.0327658587677	0.0264905354305	0.019604617545	0.0166637556864	0.0133988810782	0.0127683919546	0.0123577011561	0.0102003749529	0.00847878299564	0.00800557843043	0.00636645866628	0.00636386821395	0.00484010486623	0.00370501572988	0.00312105805366	0.00283252891613	0.00202946346258	0.00137969272927	0.000939100847826	3.82661616346e-05	0.0	0.0	0.0

Species	0	0

Site	29	29
515rcbc12	-0.170810089289	-0.0729232588444	0.129121151103	-0.057415541926	0.0328785945006	-0.013773597518	0.0303530983016	-0.0425923547892	0.00648591105013	-0.0374932928614	-0.0101935556191	-0.00743069489069	-0.0210388113955	0.00179154772827	0.00654950939956	0.00517462659629	0.00864895403904	0.00246738615312	-8.88933150734e-05	-0.0106230709442	-0.000227276797098	-0.00270918470966	-0.00652140760582	0.00337800148725	0.00426188313189	0.0010688427386	0.0	0.0	0.0
515rcbc23	-0.0510186117295	-0.0148854315874	0.0639821066722	-0.0784258928928	-0.0588898065288	-0.00494431593873	0.0159678626215	-0.00769098514589	-0.0141825005391	0.00718741605595	-0.0257483509626	0.0172060536028	0.014791038184	0.0026902851692	0.00196694379194	-0.0321848491401	-0.012932363233	-0.00637961157018	0.0150520436206	0.018358931535	0.000186321651301	0.00241918448587	0.00597141403092	-0.0033879396187	0.00159205053813	-0.00156579719203	0.0	0.0	0.0
515rcbc30	0.113351811805	-0.0350446311602	-0.0615565450669	-0.0556572029824	-0.0542388823791	-0.0206486352433	-0.018261195911	-0.0430802891819	0.0209443415264	-0.00375560037672	-0.0124695335031	0.0140884348744	0.00729743433974	-0.000145205366081	0.0131418708655	0.0356343492623	-0.0170529414277	-0.00716075191869	-0.0153302909178	-0.000585789436589	-0.00555504731016	-0.0034524300162	0.00660953273573	0.00593542855884	0.000412686397184	0.000172629257123	0.0	0.0	0.0
515rcbc29	0.0156320357749	-0.0296449130414	0.00403040059873	0.0250293209987	-0.0503513711562	0.0141079548208	0.0228961602409	-0.00808548882261	-0.0148469254893	0.0220628778868	-0.00846733541575	-0.0526786580317	0.002207250096	0.00216407248704	-0.00388479824919	-0.00937915072576	-0.00549039033867	-0.0242681407783	-0.00955979533527	-0.0177619666554	-0.0147696034334	0.0101562746853	-0.00249117876785	0.0031229302642	0.000211399497331	-0.000727382254098	0.0	0.0	0.0
515rcbc9	0.0284755062767	-0.00292541609271	-0.0095630533407	-0.0549093122793	-0.0627333682824	-0.00165534582568	-0.00988384435816	-0.000314287681524	-0.0172059204681	0.0176851508556	0.0329795748031	-0.00800379850673	-0.00204697025766	0.0127546468205	-0.000743153485415	0.00826670423244	0.00841933315131	0.0342053082885	-0.00709398462102	0.00514616299006	-0.00160471652849	0.00233114445697	-0.0183484532423	-0.00464479122153	0.00608256661343	-0.000754919649323	0.0	0.0	0.0
515rcbc35	0.0897564425544	-0.0899529299338	-0.085887770538	-0.0568365989207	0.0341940547923	-0.0484544401017	0.084525357553	0.0583843805717	0.00909563620856	-0.000171180601292	0.0126621089166	0.00662398568834	-0.0114196482205	-0.00294446784004	0.000513677750937	-0.00963665975868	-0.0109543665877	0.00221920383889	0.00346615973522	-0.00283418323639	-0.00394558511784	-0.00305886265517	-0.000660871948684	0.00360378070223	0.000580288244608	0.00031931792127	0.0	0.0	0.0
515rcbc18	0.0944758951423	-0.0347712584893	-0.00519958188595	0.0282971072065	0.0116764962521	-0.0111354423299	0.00453937908256	-0.0126738645953	0.00107951875697	0.0128354347798	-0.0237145490687	-0.00282451002704	0.017357115292	0.0140341892625	0.0244585182626	-0.0136885561764	0.00227871442373	-0.00833171732802	-0.011616768081	0.0108474267864	0.00534317862377	-0.00329253994509	-0.0129197037261	-0.0114443835276	-0.00680797755961	0.00244474138333	0.0	0.0	0.0
515rcbc15	0.0809662987125	-0.0550645759773	-0.00522992306563	0.0900959545312	0.024442859538	0.038514113298	0.0331836711496	-0.00643977408905	-0.0261408603132	-0.00303949256346	-0.0265040004892	0.0365643573717	0.0073327865985	0.000770283096377	-0.00425572389962	0.0197759800668	-0.00118999859056	0.00219133026259	0.0102966001843	0.00211548314383	-0.000416258253505	0.00987509579138	-0.0038670775329	0.00207477676123	0.0099076471678	7.79142332556e-05	0.0	0.0	0.0
515rcbc26	0.149711903335	-0.062699982186	-0.0190671927425	-0.00535380153516	0.0146369501013	-0.0471819054953	-0.0502013895223	0.00288693526152	-0.0119267428583	-0.020863216353	0.000710104239972	-0.0230301243505	-0.0167771526535	-0.000462976529582	0.00783867914674	0.00344091558643	0.00307354291564	-0.011969946805	0.01813589739	-0.00926429433229	0.0223680561094	-0.0013298255495	0.00265682704157	-0.00752727314437	0.00339117038989	-0.00106525433147	0.0	0.0	0.0
515rcbc25	-0.0585199609846	0.18836980984	-0.0294613964345	0.0467227930886	0.0072379753478	-0.0637911608039	0.0183247151166	-0.0229814298527	-0.0492541370615	0.00673355310739	-0.000738454561446	0.00918405358071	-0.0322352331834	0.0051295923596	0.0146034535126	0.0042558645097	-0.000446293004449	-0.00351345708766	-0.000321118354007	0.00265670938127	-0.0018848477171	0.00612021055331	0.000159478082561	0.00112571532676	-0.00135286433002	-0.000460903923308	0.0	0.0	0.0
515rcbc32	-0.0382351296739	0.0980691668158	-0.0542728352498	-0.0357999952216	0.0565744186374	-0.0111711208555	-0.00950233272521	0.00447236646143	0.0309028823856	-0.0292532598668	-0.0256053195178	0.0131747460721	0.00915016579754	-0.00293691629359	-0.028365503042	-0.00594246961007	0.0089720658523	-0.0100721866317	-0.0197565464492	-0.00192313911045	-0.000639389834303	0.00337703725835	-0.0109553349354	-0.00426543343471	-0.000375908863513	-0.00178581309539	0.0	0.0	0.0
515rcbc8	-0.0513283361543	0.0657648646227	-0.0802226491359	-0.0413035707906	0.0493103844633	0.0239334386545	0.0162119051155	-0.0572578988549	-0.0292348112387	-0.00846994707897	0.0316794968032	-0.00738650346551	0.0352597629343	-0.0159394059052	0.000545386023837	-0.0134122498994	-0.00210975942783	0.00428579717179	0.00496184949687	-0.00496329732504	0.00210419733364	-0.00725708027318	0.00719956846437	-0.000442790109098	0.000546444204917	0.000937646830789	0.0	0.0	0.0
515rcbc16	-0.0393633564403	0.0831725378634	-0.0101546241971	-0.0193668017484	-0.0397810099648	0.00480446543325	0.00815273976225	0.0395851154338	-0.00818961134345	0.0142239458354	-0.0210355913098	-0.0205218865572	0.0230562046479	-0.0111637499424	-0.0126940485457	0.018181994812	0.0257132631038	-0.0123155956546	0.0121688659623	0.00558332042542	0.00767184063587	-0.0147764739339	-0.00287335855066	0.00720735305319	0.00445120410522	0.0010184573386	0.0	0.0	0.0
515rcbc36	-0.347274064395	-0.13888252592	-0.0831590245941	0.0821625857399	-0.0363686064486	-0.0423069124411	-0.0256094554837	0.00673404879028	0.00636161854738	-0.000711014274908	0.00566156187154	0.00509778603009	0.00791273453617	-0.00179716037211	-0.00425893404781	-0.000841467469216	-0.000950754018505	0.00111211726629	8.75084710462e-05	0.00290111398405	0.000320275496255	-0.00122165332646	0.000802935684567	-0.00127205456612	-0.00072365314888	1.9448865356e-05	0.0	0.0	0.0
515rcbc31	-0.0750603513379	0.0352448316596	-0.0368986278668	-0.0269646705745	0.0399662656258	0.0483638156131	-0.0395315274968	0.0339940378033	-0.00479707702201	-0.000281145146008	-0.0312296931355	-0.0169312334864	-0.0341257955948	-0.00338884648356	0.0224005560448	-0.000503439407969	-0.0114679100386	0.0155486534004	0.00523315088701	0.00617129228693	-0.0097799536416	-0.00764507552124	-0.000545659125841	0.00501519791251	-0.00387182348091	0.000160852507494	0.0	0.0	0.0
515rcbc22	0.0213266190803	0.0505610261756	0.0543931513042	0.0364759379084	0.0157564669381	-0.0100942843158	-0.0132518372133	0.0150032799814	0.0142696250682	0.00837819830212	0.0108899801081	0.0151611699827	0.0123044616948	0.0069361460756	-0.00150332961216	0.00608666029316	-0.00905876410433	-0.00192871570672	0.0177047914185	-0.0178335318343	-0.02292420425	-0.0162437072449	-0.0016006777742	-0.0125238281734	0.000919739340245	-0.000145636402294	0.0	0.0	0.0
515rcbc17	0.0758772313925	-0.0301160286746	-0.0271465514699	0.0391064546204	-0.0344503536654	0.0351343562058	0.00715204381798	-0.0186989630338	-0.00814092294722	0.00322107072511	-0.0267550960294	0.00721468307232	-0.00885661089928	-0.00486546998101	-0.0184796095021	-0.0198080325221	3.86341463876e-05	0.0283892844849	-0.00156105736218	-0.0210299535576	0.0117503651163	-0.00656643159113	0.00105656105352	0.00225126213039	-0.00613086391669	-0.000291081705331	0.0	0.0	0.0
515rcbc24	0.0919991319709	-0.0317750141772	0.000998361460778	0.0119474886924	-0.0119865775338	0.0191423954406	-0.0562336724085	-0.0002448973926	-0.0103488003632	-0.040022605617	0.0210705210599	0.00874542889958	0.0102142646717	-0.0176200720642	0.00264541602468	-0.012675465286	-0.00575253713255	-0.00932800613345	0.0105656969862	0.00674935644591	-0.0102022521683	0.00360318172362	-0.0120172983225	0.0103856349119	-0.00250960904295	-3.39227647638e-05	0.0	0.0	0.0
515rcbc21	0.0334044783503	-0.015724345113	0.0612028098505	0.0246662374436	0.085625006981	-0.0376616831428	-0.0335459634904	-0.00933557402932	0.00823907073856	0.0414587915315	0.0037576672141	-0.0071183776014	0.016817081005	0.0296614510269	-0.0117351797933	-0.00748775528027	-0.0115228200356	0.00696246591989	-0.00705130384812	0.00517015524214	0.00512431791717	-0.00667371685824	0.0020631466495	0.0134983509247	0.003067724716	-0.000518739522567	0.0	0.0	0.0
515rcbc10	0.00283401679432	-0.0102404316336	-0.0101617498448	-0.0232930680905	0.0201464736844	-0.00145030072642	0.00146350351864	-0.0414718112376	0.0479993898068	0.0445215871384	-0.00415672244264	-0.00530693063462	-0.0115594745924	-0.0247931076021	-0.00817081639858	0.0139098342031	0.0100491600086	0.00670207617358	0.0215454141472	0.00600213582896	-0.00293297782374	0.0117421188789	0.00119049307221	-0.00363480710375	-0.00555468284723	-0.00019910690611	0.0	0.0	0.0
515rcbc14	0.00784744769666	0.0610782941705	0.0842354591144	0.0365734787008	-0.051522814351	-0.0216081394403	0.0215498537758	0.0199710700311	0.00988093316033	-0.0226284785583	5.07016363525e-05	-0.00245523582869	0.0169149149512	-0.0184708636533	0.00994133940996	0.0127479209611	-0.0108423241985	0.015341823281	-0.0119195580555	0.000688472549223	0.00680885683169	-0.00879137086045	0.00653921686447	-0.000897768305141	-0.00479186049087	-0.000830380819876	0.0	0.0	0.0
515rcbc19	-0.051592937448	0.00691113066921	-0.00947975401073	-0.0345529870896	0.00425924332247	0.0341419997066	-0.0271065362934	0.0269983037343	0.0115540994576	0.0201063389439	0.00287496671086	0.0258936032612	0.00851540676783	0.00508496081298	0.0371285529313	-0.0108239659985	0.0218135228522	-0.00278954290909	-0.0110995832241	-0.0163300399797	0.00230761175614	0.00806525995605	0.00936348509708	-0.000427250093942	0.00644672683105	-0.000272140367474	0.0	0.0	0.0
515rcbc27	-0.00184574470779	-0.0349262049374	0.0309295806203	0.0260457891892	0.0157541531496	0.0494299680413	0.00690135590378	-0.00359307233501	-0.00200427548294	0.0234361586924	0.0255831143226	0.00655894210461	-0.0342764530128	-0.033943446697	-0.00637095604591	-0.00183039221758	-0.00847329386718	-0.019620353227	-0.019388552847	0.0112421377688	0.00691557923684	-0.0134031216875	-0.000404039460375	-0.00505081830201	0.00475285446947	-0.000459928683875	0.0	0.0	0.0
515rcbc11	-0.0764113795465	0.0583719840975	-0.00788330652296	-0.0224974815079	0.000380343669557	0.0429633574967	-0.00854003388495	0.021792624113	0.0066707383967	-0.0132706347172	0.0034237256369	-0.016508525913	0.000637010004224	0.0226760585507	-0.0187138517524	0.0118685545261	-0.0336865520233	0.00120994129342	0.00136956400468	0.000780632425954	0.00945503455005	0.0139105674076	0.00457407975414	-0.00753486883271	0.00365316839736	0.00141966967896	0.0	0.0	0.0
515rcbc34	0.100825906715	-0.0464717076272	-0.0120711253958	0.0288736249335	0.00863022275863	0.00471011941075	0.000529910275106	-0.00597016478814	-0.00450085091263	-0.0299325396239	-0.00170279691687	-0.0208250712158	-0.00836722119175	0.0169247127218	-0.0124502813354	-0.00361681279654	0.0264618118926	0.0103088003505	-0.00825720966459	0.0175748741216	-0.016693602789	-0.00249373345626	0.0180022189812	-0.00532769776174	0.00249401155643	1.44687827417e-05	0.0	0.0	0.0
515rcbc37	-0.0364631462162	-0.0300323972677	0.00634419163494	-0.0177336827458	-0.00346741862986	0.0500786556771	0.0239651456165	0.00180698615873	-0.00886138834627	-0.00338444763152	0.0254241884664	0.0158980038333	-0.00622317485264	0.0422041624104	-0.00273182732092	0.0175776104493	0.0117730306568	-0.0170714376633	0.00602451199599	0.00077877962593	0.00628716131127	-0.00421002628288	-7.04294939752e-05	0.00260384847288	-0.0134952795761	-0.00107041602704	0.0	0.0	0.0
515rcbc33	0.0353577783577	0.0883420926508	0.00227579181065	0.0770185557017	-0.0223792845506	0.0118383478289	0.0303000341958	-0.00224251363501	0.0646191270238	-0.0175590234566	0.0219135129505	-0.0118619913137	-0.00210856412358	0.00497622681263	0.0179051195995	-0.0152629007646	0.00289700769912	0.00182480824345	0.00729782537441	0.00518434892652	0.00642964502777	0.00719557295135	-0.00132993606775	0.00588470167295	0.00260264371151	3.24228351999e-05	0.0	0.0	0.0
515rcbc28	0.0495186389032	0.0411747313413	0.0410413972918	-0.0203482844118	-0.0507105619925	-0.031116456933	-0.0324890930635	0.0137450359435	-0.00109610558662	0.00682399538799	0.0114229892559	0.028347160455	-0.024280525559	-0.00214424528348	-0.027548765598	-0.0136419191271	0.00718819299672	-0.00559802680395	-0.00324286681131	-0.00500488881856	-0.00157408726341	0.00598353505257	0.00523597703913	0.00323730638273	-0.00206595446962	0.00255193446384	0.0	0.0	0.0
515rcbc13	0.00656196506112	-0.0409794172424	0.0688613099005	-0.00255643603772	0.0554101457206	-0.010169246516	-0.00185985419607	0.0372991851805	-0.0273719621543	0.00216135948468	0.00821678497591	-0.00687486700601	0.0235480040157	-0.0271824013208	0.00226775586469	0.0138150706816	0.00460383429026	0.00757849408917	-0.00762235078818	0.000202821762599	7.73613305095e-05	0.0183460507105	0.00318049200333	-0.000942584366955	-0.00769373158612	-5.69231916069e-05	0.0	0.0	0.0

Biplot	0	0

Site constraints	0	0
