# Constructed from biom file
#OTU ID	515rcbc8	515rcbc9	515rcbc10	515rcbc11	515rcbc12	515rcbc13	515rcbc14	515rcbc15	515rcbc16	515rcbc17	515rcbc18	515rcbc19	515rcbc21	515rcbc22	515rcbc23	515rcbc24	515rcbc25	515rcbc26	515rcbc27	515rcbc28	515rcbc29	515rcbc30	515rcbc31	515rcbc32	515rcbc33	515rcbc34	515rcbc35	515rcbc36	515rcbc37
D_0__Archaea;D_1__Bathyarchaeota;D_2__uncultured archaeon	0.0	0.0	0.0	0.0	5.53001303977e-07	0.0	0.0	0.0	0.0	0.0	0.0	0.0	0.0	0.0	0.0	0.0	0.0	0.0	0.0	0.0	0.0	6.61100202958e-06	0.0	0.0	0.0	0.0	0.0	0.0	0.0
D_0__Archaea;D_1__Diapherotrites;D_2__Diapherotrites Incertae Sedis	0.0	0.0	0.0	0.0	0.0	0.0	0.0	0.0	0.0	0.0	0.0	0.0	0.0	0.0	0.0	0.0	0.0	0.0	0.0	0.0	0.0	1.32220040592e-05	0.0	0.0	0.0	0.0	0.0	0.0	0.0
D_0__Archaea;D_1__Euryarchaeota;D_2__Methanobacteria	0.0	2.72773148211e-05	4.9306260909e-06	0.0	1.93550456392e-05	0.0	0.0	0.0	0.0	0.0	0.0	1.22428991185e-05	0.0	0.0	2.3951235285e-05	0.0	0.0	0.0	0.0	0.0	0.0	6.61100202958e-06	0.0	0.0	0.0	0.0	0.0	0.0	0.0
D_0__Archaea;D_1__Euryarchaeota;D_2__Methanomicrobia	0.0	2.72773148211e-05	0.0	0.0	8.84802086363e-06	0.0	0.0	0.0	0.0	0.0	0.0	0.0	0.0	0.0	0.0	0.0	0.0	0.0	0.0	0.0	0.0	0.0	0.0	0.0	0.0	0.0	0.0	0.0	0.0
D_0__Archaea;D_1__Euryarchaeota;D_2__Thermoplasmata	0.0	4.09159722317e-05	7.88900174544e-05	0.0	1.65900391193e-06	0.0	7.2233458538e-06	4.02268796009e-05	5.22105966627e-06	0.00019171619335	0.000125839585988	0.0	0.0	0.0	0.0	0.0	0.0	0.0004702694532	0.0	7.92901941817e-06	0.000140538261542	0.00128253439374	0.0	0.0	0.0	5.64923876508e-05	0.000152125188889	0.0	4.3595146407e-05
D_0__Archaea;D_1__Miscellaneous Euryarchaeotic Group(MEG);D_2__uncultured archaeon	0.0	0.0	0.0	0.0	0.0	0.0	0.0	0.0	0.0	0.0	0.0	0.0	7.41350295428e-06	0.0	0.0	0.0	0.0	5.59844587143e-06	0.0	0.0	0.0	0.0	0.0	0.0	0.0	0.0	0.0	0.0	0.0
D_0__Archaea;D_1__Parvarchaeota;D_2__uncultured archaeon	0.0	0.0	0.0	0.0	0.0	0.0	0.0	0.0	0.0	0.0	0.0	0.0	0.0	0.0	0.0	0.0	0.0	1.67953376143e-05	0.0	0.0	0.0	4.6277014207e-05	0.0	0.0	0.0	0.0	0.0	0.0	0.0
D_0__Archaea;D_1__Thaumarchaeota;D_2__FHMa11 terrestrial group	8.67509596825e-05	0.0	0.0	0.0	0.0	0.0	0.0	0.0	1.56631789988e-05	0.0	0.0	0.0	0.0	0.0	0.0	0.0	6.98543536726e-05	0.0	0.0	0.0	0.0	0.0	0.0	8.03742223794e-06	0.0	0.0	0.0	0.0	0.0
D_0__Archaea;D_1__Thaumarchaeota;D_2__Soil Crenarchaeotic Group(SCG)	0.00605087943785	0.0446256870474	0.0140818681156	0.0101562785931	0.00135595919735	0.0194393170281	0.0248049696619	0.0225029164488	0.0259016770044	0.0324167076495	0.0292183788715	0.0171767874633	0.0120543558037	0.0143952781351	0.0289091409889	0.0527042252147	0.00466627082533	0.0588788552298	0.0168228821761	0.0409137401977	0.0277130641125	0.0575686056736	0.00703574434036	0.00574675690013	0.0159539147457	0.0372849758495	0.0288632191718	0.00461810811504	0.0193998401511
D_0__Archaea;D_1__Thaumarchaeota;D_2__South African Gold Mine Gp 1(SAGMCG-1)	0.00535687176039	0.0	0.0	0.0	0.0	1.44208583295e-05	0.0	0.0	0.000934569680262	0.0	0.0	0.0	0.0	0.0	0.0	0.0	6.28689183053e-05	0.0	0.0	0.0	2.16212710064e-05	0.0	0.00074496116545	0.0	1.72474754008e-05	0.0	0.0	2.56561561947e-05	0.0
D_0__Archaea;D_1__Woesearchaeota (DHVEG-6);D_2__uncultured archaeon	0.0	0.0	0.0	0.0	7.74201825568e-06	0.0	7.2233458538e-06	0.0	5.22105966627e-06	0.0	7.86497412424e-06	0.0	1.48270059086e-05	0.0	4.79024705699e-05	9.75462247172e-06	0.0	3.91891211e-05	0.0	7.92901941817e-06	1.08106355032e-05	0.0	0.0	0.0	3.44949508016e-05	2.82461938254e-05	0.0	0.0	0.0
D_0__Archaea;D_1__Woesearchaeota (DHVEG-6);D_2__uncultured euryarchaeote	8.67509596825e-05	2.72773148211e-05	0.0	7.31984042748e-05	5.53001303977e-06	1.44208583295e-05	7.94568043918e-05	5.63176314413e-05	3.65474176639e-05	1.66709733348e-05	7.07847671181e-05	3.06072477963e-05	8.15485324971e-05	6.23172213641e-05	3.59268529274e-05	0.000121932780897	2.09563061018e-05	3.35906752286e-05	0.0	1.58580388363e-05	3.78372242612e-05	1.98330060887e-05	6.20800971209e-05	6.42993779035e-05	5.17424262024e-05	9.88616783888e-05	0.0	0.0	0.000450483179539
D_0__Bacteria;D_1__Acidobacteria;D_2__AT-s3-28	0.000195189659286	0.000177302546337	7.88900174544e-05	0.000228745013359	7.74201825568e-05	0.000129787724965	0.000202253683906	0.000378132668249	8.35369546603e-05	0.000291742033359	0.000322463939094	0.000226493633692	0.000177924070903	0.000164695513605	9.58049411398e-05	0.000326779852803	5.58834829381e-05	0.000207142497243	0.000432988640416	0.000237870582545	0.000199996756809	0.000350383107568	0.000124160194242	0.000289347200566	0.000198345967109	0.000197723356778	0.000304250377778	7.6968468584e-05	0.000203444016566
D_0__Bacteria;D_1__Acidobacteria;D_2__Acidobacteria	0.0588171506647	0.000450075694549	0.00234697801927	0.00581012333931	0.000129955306435	0.000115366866636	0.000202253683906	4.02268796009e-05	0.0140550926216	0.000108361326676	1.57299482485e-05	0.00415646425073	2.22405088628e-05	0.000293781186431	0.000431122235129	2.92638674152e-05	0.0670042960428	2.79922293571e-05	8.91447200856e-05	0.000142722349527	0.000940525288779	0.00031071709539	0.0115882847959	0.0280264913437	0.00176786622858	0.000183600259865	0.000192691905926	0.000949277779203	0.000406888033132
D_0__Bacteria;D_1__Acidobacteria;D_2__Blastocatellia	0.0229673165759	0.0571186972354	0.0316348969992	0.031026973612	0.0397818078055	0.0488290263036	0.0310098237504	0.0275071402711	0.0287210492242	0.0238228208954	0.0390338665786	0.0411055337904	0.0385502153623	0.0408578410644	0.0477467875406	0.0353312425926	0.0383430547309	0.0423970305843	0.0246294126636	0.0402477025666	0.0306049091096	0.0355936349272	0.0282533419786	0.0285167741002	0.0287170465423	0.0370872524927	0.10281634433	0.00754290992124	0.0362275666642
D_0__Bacteria;D_1__Acidobacteria;D_2__Holophagae	0.00607256717777	0.00647836227002	0.00335282574181	0.00417230904366	0.0034628941655	0.00780168435625	0.00600260040451	0.00728106520777	0.0017177286302	0.00366761413365	0.00727510106492	0.00537463271303	0.00636078553477	0.00489190187708	0.0054968084979	0.00599909282011	0.00319234396284	0.00492663236685	0.00587081656564	0.0037980003013	0.00452965627584	0.0085149706141	0.00164167367942	0.00573871947789	0.00522598504644	0.00570573115273	0.00771781791629	0.000718372373451	0.00771634091404
D_0__Bacteria;D_1__Acidobacteria;D_2__Solibacteres	0.0208852935436	0.00395521064906	0.00415158716854	0.0072466420232	0.00690588028407	0.00305722196585	0.00311326206299	0.00279174544431	0.00816051625838	0.00217556202019	0.00209994809117	0.00733961802155	0.00321746028216	0.00319598320996	0.00653868723279	0.00316537499207	0.0251405818868	0.00222818145683	0.00300545056289	0.00366320697119	0.00381615433263	0.00286917488084	0.00703574434036	0.0149496053626	0.00478617442372	0.00275400389797	0.00305264545703	0.00520819970752	0.00380730945288
D_0__Bacteria;D_1__Acidobacteria;D_2__Subgroup 11	0.000542193498016	0.0036142442138	0.00289427751536	0.000201295611756	0.00192057352871	0.00304280110752	0.00304102860445	0.00216420612253	0.00144623352756	0.00238394918687	0.00331901908043	0.00222820763957	0.00323228728807	0.00228793227008	0.00234722105793	0.00355068257971	0.000174635884181	0.00998762743462	0.00150272528144	0.00352048462167	0.00378372242612	0.00345755406147	0.000641494336916	0.000498320178752	0.00304417940824	0.00481597604723	0.00341774591037	0.000179593093363	0.00167114727894
D_0__Bacteria;D_1__Acidobacteria;D_2__Subgroup 12	0.0	0.0	0.0	0.0	0.0	0.0	0.0	0.0	0.0	0.0	0.0	0.0	0.0	0.0	0.0	0.0	2.09563061018e-05	0.0	0.0	0.0	0.0	0.0	0.0	8.03742223794e-06	0.0	0.0	0.0	0.0	0.0
D_0__Bacteria;D_1__Acidobacteria;D_2__Subgroup 13	0.0055737491596	5.45546296423e-05	6.40981391817e-05	4.57490026717e-05	5.41941277898e-05	0.000115366866636	4.33400751228e-05	4.82722555211e-05	0.000172294968987	3.33419466696e-05	9.43796894908e-05	3.67286973555e-05	8.15485324971e-05	4.00610708769e-05	0.0	5.85277348303e-05	0.000530893087912	2.79922293571e-05	0.0	3.17160776727e-05	3.78372242612e-05	4.6277014207e-05	2.0693365707e-05	0.000538507289942	8.62373770039e-06	4.23692907381e-05	7.09917548148e-05	5.13123123894e-05	0.0
D_0__Bacteria;D_1__Acidobacteria;D_2__Subgroup 15	0.00145307857468	0.00107745393543	0.000552230122181	0.00063133623687	0.000102305241236	0.000317258883249	0.000353943946836	0.000313769660887	0.000542990205292	0.000408438846702	0.00115615119626	0.000501958863859	0.000355848141805	0.00015579305341	0.000359268529274	0.000414571455048	0.000363242639097	0.000794979313743	0.000241964240232	0.000317160776727	0.000848634887002	0.00204279962714	0.00054492529695	0.00110916426884	0.00044843436042	0.000776770330198	0.00208918592741	7.6968468584e-05	0.000334229455787
D_0__Bacteria;D_1__Acidobacteria;D_2__Subgroup 17	0.00225552495174	0.0024549583339	0.00358456516809	0.00198550671595	0.00361994653583	0.006258652515	0.00330829240104	0.00943722595438	0.00164463379488	0.0046261951004	0.00589086561905	0.00378305582762	0.00724299238633	0.00623172213641	0.00265858711663	0.00427740195385	0.00101987356362	0.00663415835764	0.00534868320513	0.00363941991294	0.00482154343443	0.00522269160337	0.00171065156511	0.00221832853767	0.00364784104727	0.00529616134226	0.00461446406296	0.000513123123894	0.00405434861585
D_0__Bacteria;D_1__Acidobacteria;D_2__Subgroup 18	0.000108438699603	0.000627378240886	0.00043882572209	0.000219595212824	0.000247191582878	0.000663359483156	0.000541750939035	0.00108612574923	0.000172294968987	0.00057514858005	0.00208421814292	0.000355044074437	0.0026911015724	0.000756709116564	0.000526927176269	0.00125346898762	6.98543536726e-06	0.00306794833754	0.000356578880342	0.000523315281599	0.000881066793511	0.00177835954596	0.000165546925656	0.000160748444759	0.000517424262024	0.00169477162952	0.00205876088963	0.000153936937168	0.000276102593911
D_0__Bacteria;D_1__Acidobacteria;D_2__Subgroup 19	0.0	5.45546296423e-05	1.47918782727e-05	0.0	0.0	0.0	0.0	4.82722555211e-05	0.0	0.0	3.14598964969e-05	0.0	0.0	4.45123009744e-06	0.0	9.75462247172e-06	0.0	3.35906752286e-05	2.54699200245e-05	0.0	0.0	6.61100202958e-06	0.0	0.0	0.0	0.0	2.02833585185e-05	0.0	1.4531715469e-05
D_0__Bacteria;D_1__Acidobacteria;D_2__Subgroup 2	0.0203647877855	0.000559184953833	0.00175530288836	0.00132672107748	0.000365533861929	0.000432625749885	0.000353943946836	0.000128726014723	0.00402543700269	0.000325083980028	0.000251679171976	0.00048971596474	0.000170510567948	0.000324939797113	0.000299390441062	0.000297515985388	0.0104851384863	0.0001959456055	0.00022922928022	0.000277515679636	0.00054053177516	0.000383438117716	0.00220729234208	0.00472600427591	0.00137117429436	0.000564923876508	0.000456375566666	0.000282217718141	0.00029063430938
D_0__Bacteria;D_1__Acidobacteria;D_2__Subgroup 20	2.16877399206e-05	0.00024549583339	0.000133126904454	0.0	3.37330795426e-05	0.000187471158283	8.66801502456e-05	0.000104589886962	5.22105966627e-06	6.66838933391e-05	0.000141569534236	0.000134671890304	0.000192751076811	0.000102378292241	2.3951235285e-05	0.000151196648312	1.39708707345e-05	0.000207142497243	8.91447200856e-05	0.000134793330109	5.94584952676e-05	0.000839597257756	1.3795577138e-05	4.82245334276e-05	2.58712131012e-05	0.000197723356778	0.000324533736296	0.0	0.000101722008283
D_0__Bacteria;D_1__Acidobacteria;D_2__Subgroup 21	0.0	0.000190941203748	4.9306260909e-06	0.0	0.0	0.0	7.2233458538e-06	8.04537592019e-06	0.0	0.0	3.93248706212e-05	0.0	2.96540118171e-05	0.0	0.0	4.38958011228e-05	0.0	2.79922293571e-05	5.09398400489e-05	7.92901941817e-06	0.0	4.6277014207e-05	0.0	0.0	0.0	2.82461938254e-05	0.0	0.0	0.0
D_0__Bacteria;D_1__Acidobacteria;D_2__Subgroup 22	0.00034700383873	0.00272773148211	0.00507854487363	0.00098817845771	0.00504281889097	0.0113059529303	0.00472406818838	0.0076511525001	0.00183259194286	0.00446782085372	0.0145423371557	0.00356880509305	0.0281490707174	0.00806117770646	0.00170053770523	0.00587228272798	0.000488980475708	0.0119806741649	0.00454638072436	0.00443232185476	0.00730258428242	0.00230723970832	0.00121401078814	0.00086000417946	0.0044843436042	0.0144902974324	0.00369157125037	0.000487466967699	0.0028627479474
D_0__Bacteria;D_1__Acidobacteria;D_2__Subgroup 25	0.0	0.00148661365775	0.00104036210518	9.14980053435e-05	0.000615490451326	0.000807568066451	0.00129297890783	0.00107808037331	0.000318484639642	0.00180046512016	0.00176961917795	0.000722331047992	0.000748763798382	0.000943660780657	0.000179634264637	0.001985065673	2.7941741469e-05	0.00393010900174	0.00091691712088	0.00137172035934	0.00101079441955	0.00296172890925	0.000200035868501	4.82245334276e-05	0.000853750032339	0.00254215744428	0.00160238532296	0.000153936937168	0.000857371212672
D_0__Bacteria;D_1__Acidobacteria;D_2__Subgroup 5	0.00511830662127	0.0098061946782	0.00960979025117	0.00542583171687	0.00983181018341	0.0106570143055	0.00833574111528	0.00411118709522	0.0069648935948	0.00338420758696	0.00646500873012	0.00651934378061	0.00874793348605	0.00720209029765	0.00983198208448	0.00473586921002	0.00700639167336	0.0061135028916	0.00473740512455	0.00773872295213	0.00344859272552	0.00470042244303	0.00664257039193	0.00899387548425	0.00476030321062	0.00416631358924	0.00362057949555	0.00151371321549	0.00443217321805
D_0__Bacteria;D_1__Acidobacteria;D_2__Subgroup 6	0.0749962046455	0.0820365243245	0.113069117517	0.0841873147165	0.0963339331554	0.121120789109	0.0775787344698	0.107824128082	0.0806966982019	0.105452241829	0.101458166203	0.102748530852	0.101476028438	0.0952696777755	0.0996730656384	0.124020270105	0.060731375083	0.107915642618	0.133691610208	0.11638214702	0.0919768868613	0.0942332229296	0.105970725785	0.102436946423	0.0728878310437	0.097223399147	0.100879283592	0.0294789234677	0.08768437114
D_0__Bacteria;D_1__Acidobacteria;D_2__Subgroup 9	0.0	2.72773148211e-05	6.90287652726e-05	0.0	6.24891473494e-05	4.32625749885e-05	7.2233458538e-06	0.000160907518404	3.65474176639e-05	0.000108361326676	0.000196624353106	3.67286973555e-05	9.63755384057e-05	4.45123009744e-06	8.38293234974e-05	0.000160951270783	0.0	0.000571041478885	0.0	0.000111006271854	0.000140538261542	0.00015205304668	2.0693365707e-05	0.0	1.72474754008e-05	0.000225969550603	0.000223116943704	0.0	0.000188912301097
D_0__Bacteria;D_1__Acidobacteria;D_2__uncultured Acidobacteria bacterium	0.0	0.0	0.0	0.0	1.10600260795e-06	0.0	0.0	0.0	0.0	0.0	0.0	0.0	0.0	0.0	0.0	0.0	0.0	0.0	0.0	0.0	0.0	0.0	0.0	0.0	0.0	0.0	0.0	0.0	0.0
D_0__Bacteria;D_1__Acidobacteria;Other	0.0	0.0	0.0	0.0	2.76500651989e-05	0.0	0.0	1.60907518404e-05	1.04421193325e-05	0.0	0.0	0.0	0.0	4.45123009744e-06	2.3951235285e-05	0.0	0.0	0.0	0.0	0.0	0.0	0.0	1.3795577138e-05	0.0	8.62373770039e-06	0.0	0.0	0.0	0.0
D_0__Bacteria;D_1__Actinobacteria;D_2__Acidimicrobiia	0.00958598104492	0.0168982965317	0.0202204975988	0.0136881015994	0.0139975690063	0.015098638671	0.0138543773476	0.0411118709522	0.0142743771276	0.0287324225425	0.0305868843692	0.00999632713026	0.0196309558229	0.017132784645	0.0154365711412	0.0200652584243	0.0110579441864	0.021380464783	0.0267816209057	0.0148748404285	0.0215672178289	0.017208438283	0.00867741801978	0.00843929334984	0.0206538517924	0.0299833347456	0.0160339949089	0.00356620571106	0.0201990845019
D_0__Bacteria;D_1__Actinobacteria;D_2__Actinobacteria	0.0369559088247	0.0416388210745	0.0333507548789	0.0344947480145	0.024452058658	0.0234338947854	0.0351849176539	0.0472022205238	0.0460079777792	0.0506464169911	0.0352980038696	0.0394221351616	0.0220922388038	0.0363932572766	0.0360226578686	0.0352288190566	0.0425692431281	0.0217331668729	0.0368931791554	0.0312403365076	0.0525342832278	0.0291412969464	0.0326058465656	0.0278416306322	0.0365991428005	0.0271869615569	0.021672768577	0.148266926649	0.0435806146916
D_0__Bacteria;D_1__Actinobacteria;D_2__Coriobacteriia	0.0	1.36386574106e-05	4.9306260909e-06	0.0	9.95402347159e-06	0.0	0.0	1.60907518404e-05	0.0	8.33548666739e-06	0.0	0.0	0.0	0.0	0.0	1.46319337076e-05	6.98543536726e-06	5.59844587143e-06	0.0	1.58580388363e-05	5.4053177516e-06	0.000277662085242	0.0	0.0	0.0	0.0	0.0	0.0	0.0
D_0__Bacteria;D_1__Actinobacteria;D_2__KIST-JJY010	0.0	0.0	0.0	0.0	4.97701173579e-06	0.0	0.0	0.0	0.0	0.0	7.86497412424e-06	0.0	0.0	0.0	1.19756176425e-05	0.0	0.0	0.0	0.0	0.0	0.0	0.0	0.0	0.0	0.0	0.0	0.0	0.0	0.0
D_0__Bacteria;D_1__Actinobacteria;D_2__MB-A2-108	0.000802446377063	0.0123293462992	0.0128048359581	0.00135417047908	0.00238951863448	0.00764305491463	0.0113334296446	0.0293656221087	0.000892801202932	0.0243812985021	0.0177040567537	0.00448090107738	0.00889620354514	0.0118002109883	0.00420344179251	0.0133979739649	0.00071251440746	0.016851322073	0.0112449696908	0.00843647666093	0.0138916666216	0.0142202653656	0.00178652723937	0.000876079023935	0.0172647228762	0.0205067367172	0.00661237487703	0.000846653154424	0.00623410593621
D_0__Bacteria;D_1__Actinobacteria;D_2__Nitriliruptoria	0.0	0.0	1.47918782727e-05	0.0	3.87100912784e-06	1.44208583295e-05	5.05634209766e-05	5.63176314413e-05	0.0	4.16774333369e-05	3.14598964969e-05	0.0	0.0	4.45123009744e-06	0.0	9.75462247172e-06	0.0	5.59844587143e-05	0.0	0.0	0.0	3.96660121775e-05	0.0	0.0	0.0	0.0	1.01416792593e-05	0.0	0.0
D_0__Bacteria;D_1__Actinobacteria;D_2__Rubrobacteria	0.0	0.000163663888927	0.000212016921909	9.14980053435e-05	6.24891473494e-05	0.000389363174896	0.000859578156602	0.00212397924293	0.000208842386651	0.000791871233402	0.000880877101914	0.000116307541626	0.000630147751114	0.000645428364128	0.000107780558782	0.000921811823578	6.98543536726e-06	0.000766987084385	0.00034384392033	0.0002616576408	0.000459452008886	0.000799931245579	2.0693365707e-05	8.03742223794e-06	0.000457058098121	0.00103098607463	0.000263683660741	2.56561561947e-05	0.000116253723752
D_0__Bacteria;D_1__Actinobacteria;D_2__TakashiAC-B11	0.0	0.000300050463032	7.88900174544e-05	0.0	3.31800782386e-05	4.32625749885e-05	0.000462294134643	0.000209179773925	0.000172294968987	0.000966916453417	0.000251679171976	9.18217433888e-05	2.96540118171e-05	0.000111280752436	4.79024705699e-05	6.82823573021e-05	0.000125737836611	0.000464671007328	0.000216494320208	0.000198225485454	0.000162159532548	0.0025254027753	4.82845199829e-05	8.03742223794e-06	5.17424262024e-05	0.000451939101206	0.000770767623703	2.56561561947e-05	0.000624863765167
D_0__Bacteria;D_1__Actinobacteria;D_2__Thermoleophilia	0.052462642868	0.0639243872833	0.0601930833177	0.0642956483549	0.0170877402929	0.0400611444393	0.0663897717423	0.137519610604	0.0592642482718	0.109469946403	0.0784845767857	0.0316050440744	0.0402404940358	0.0637460662254	0.0474354214819	0.0642146797314	0.103580035626	0.0522223030887	0.0733406347104	0.0617829193064	0.080014918677	0.072873075372	0.0447252610813	0.0523959555691	0.0811321242853	0.0903736971443	0.0567021287385	0.0145983528748	0.0704206931628
D_0__Bacteria;D_1__Actinobacteria;Other	0.0	0.0	4.9306260909e-06	0.0	4.42401043182e-06	0.0	0.0	5.63176314413e-05	0.0	0.0	1.57299482485e-05	0.0	1.48270059086e-05	0.0	0.0	1.46319337076e-05	0.0	0.0	0.0	0.0	1.62159532548e-05	0.0	0.0	0.0	0.0	0.0	0.0	0.0	0.0
D_0__Bacteria;D_1__Aminicenantes;D_2__uncultured bacterium	0.0	0.0	9.8612521818e-06	0.0	0.0	0.0	0.0	0.0	0.0	0.0	0.0	0.0	0.0	0.0	0.0	0.0	0.0	0.0	0.0	0.0	0.0	0.0	0.0	0.0	0.0	0.0	0.0	0.0	0.0
D_0__Bacteria;D_1__Armatimonadetes;D_2__Armatimonadia	0.000173501919365	0.0	9.8612521818e-06	4.57490026717e-05	1.76960417273e-05	2.8841716659e-05	7.2233458538e-06	1.60907518404e-05	9.39790739929e-05	0.0	3.14598964969e-05	3.06072477963e-05	5.93080236342e-05	5.78659912667e-05	5.98780882124e-05	2.43865561793e-05	0.00023051936712	0.0	0.0	7.92901941817e-06	1.62159532548e-05	3.96660121775e-05	2.0693365707e-05	5.62619556656e-05	1.72474754008e-05	2.82461938254e-05	0.0	0.0	2.9063430938e-05
D_0__Bacteria;D_1__Armatimonadetes;D_2__Chthonomonadetes	0.000498818018174	0.000204579861158	4.9306260909e-06	8.23482048091e-05	3.48390821506e-05	0.000158629441624	8.66801502456e-05	3.21815036808e-05	0.000109642252992	4.16774333369e-05	0.000275274094348	0.000159157688541	0.00010378904136	0.000164695513605	1.19756176425e-05	0.000185337826963	0.000754427019664	0.000190347159628	1.27349600122e-05	7.13611747635e-05	5.94584952676e-05	0.000429715131923	4.82845199829e-05	0.000667106045749	0.000146603540907	9.88616783888e-05	0.000283967019259	2.56561561947e-05	0.000305166024849
D_0__Bacteria;D_1__Armatimonadetes;D_2__Fimbriimonadia	0.00101932377627	0.000450075694549	7.88900174544e-05	0.000548988032061	0.00039484293104	0.000432625749885	0.000433400751228	0.000386178044169	0.000642190338951	0.000341754953363	0.000448303525081	0.00102840352595	0.000214991585674	0.000284878726236	0.000455073470414	0.000580400037068	0.0011316405295	0.000167953376143	0.000152819520147	0.000348876854399	0.000113511672784	0.000442937135982	0.000600107605502	0.000988602935267	0.000267335868712	0.000466062198119	0.00122714319037	0.000461810811504	0.000697522342513
D_0__Bacteria;D_1__Armatimonadetes;D_2__uncultured	0.000455442538333	0.00049099166678	0.000236670052363	0.000228745013359	0.000145439342946	0.000374942316567	0.00041895405952	0.000603403194014	0.000255831923647	0.00054180663338	0.000660657826436	0.000599902056807	0.000281713112263	0.000431769319451	0.000311366058704	0.000526749613473	0.000167650448814	0.000974129581628	0.000394783760379	0.000523315281599	0.000259455252077	0.00154697447492	0.00026901375419	0.000466170489801	0.000353573245716	0.000593170070333	0.000608500755555	0.000256561561947	0.00043595146407
D_0__Bacteria;D_1__BJ-169;D_2__uncultured bacterium	0.0	0.0	1.47918782727e-05	9.14980053435e-06	2.82030665028e-05	0.0	2.88933834152e-05	0.0	5.22105966627e-06	3.33419466696e-05	3.93248706212e-05	1.83643486778e-05	0.0	5.78659912667e-05	0.0	3.4141178651e-05	0.0	5.59844587143e-06	0.0	7.92901941817e-06	5.4053177516e-06	4.6277014207e-05	3.44889428449e-05	1.60748444759e-05	4.3118688502e-05	7.06154845635e-05	5.07083962963e-05	0.0	2.9063430938e-05
D_0__Bacteria;D_1__BRC1;D_2__uncultured bacterium	0.000281940618968	0.000627378240886	0.000212016921909	0.000338542619771	0.000304150717187	0.000158629441624	0.000332273909275	0.000225270525765	0.00034981099764	0.000150038760013	0.000212354301354	0.000324436826641	0.000185337573857	0.000227012734969	0.000958049411398	0.000263374806737	0.00035625720373	0.000134362700914	0.000216494320208	0.00047574116509	0.000151348897045	0.000647878198899	0.00026901375419	0.000217010400424	0.000293207081813	0.00015535406604	8.1133434074e-05	0.000795340842035	0.000363292886725
D_0__Bacteria;D_1__BRC1;D_2__uncultured organism	0.0	0.0	0.0	0.0	0.0	0.0	0.0	0.0	0.0	0.0	0.0	2.4485798237e-05	0.0	4.45123009744e-06	0.0	0.0	0.0	0.0	0.0	0.0	0.0	0.000231385071035	0.0	8.03742223794e-06	0.0	0.0	0.0	7.6968468584e-05	0.0
D_0__Bacteria;D_1__BRC1;Other	0.0	0.0	0.0	0.0	0.0	0.0	0.0	0.0	0.0	0.0	1.57299482485e-05	0.0	2.22405088628e-05	0.0	0.0	1.95092449434e-05	1.39708707345e-05	2.23937834857e-05	0.0	0.0	0.0	9.91650304437e-05	0.0	0.0	0.0	0.0	0.0	0.0	0.0
D_0__Bacteria;D_1__Bacteroidetes;D_2__Bacteroidetes BD2-2	8.67509596825e-05	0.0	4.9306260909e-06	3.65992021374e-05	1.32720312954e-05	0.0	2.16700375614e-05	0.0	0.0	0.0	0.0	0.0	0.0	4.45123009744e-06	0.0	0.0	0.0	0.0	2.54699200245e-05	3.17160776727e-05	5.4053177516e-06	0.0	0.0	0.0	0.0	0.0	0.0	0.0	0.0
D_0__Bacteria;D_1__Bacteroidetes;D_2__Bacteroidetes Incertae Sedis	0.0	0.0	4.9306260909e-06	2.7449401603e-05	2.76500651989e-06	0.0	0.0	0.0	5.22105966627e-06	0.0	7.86497412424e-06	0.0	0.0	0.0	2.3951235285e-05	0.0	0.0	0.0	0.0	0.0	0.0	3.30550101479e-05	0.0	0.0	0.0	0.0	1.01416792593e-05	0.0	0.0
D_0__Bacteria;D_1__Bacteroidetes;D_2__Bacteroidetes VC2.1 Bac22	0.0	2.72773148211e-05	1.47918782727e-05	3.65992021374e-05	0.000161476380761	0.000115366866636	0.000108350187807	0.000112635262883	1.56631789988e-05	0.000100025840009	9.43796894908e-05	7.95788442703e-05	0.000111202544314	0.000133536902923	0.000167658646995	6.34050460662e-05	1.39708707345e-05	1.67953376143e-05	2.54699200245e-05	0.000150651368945	4.32425420128e-05	1.98330060887e-05	8.27734628278e-05	6.42993779035e-05	3.44949508016e-05	2.82461938254e-05	0.000111558471852	0.00110321471637	7.26585773451e-05
D_0__Bacteria;D_1__Bacteroidetes;D_2__Bacteroidetes vadinHA17	0.0	1.36386574106e-05	0.0	0.0	2.21200521591e-06	0.0	0.0	0.0	0.0	0.0	0.0	0.0	7.41350295428e-06	0.0	0.0	9.75462247172e-06	0.0	0.0	0.0	0.0	0.0	0.00169241651957	0.0	0.0	0.0	1.41230969127e-05	0.0	0.0	0.0
D_0__Bacteria;D_1__Bacteroidetes;D_2__Bacteroidia	0.0	0.0	0.0	0.0	2.15670508551e-05	4.32625749885e-05	0.0	6.43630073615e-05	0.0	5.00129200043e-05	3.14598964969e-05	0.0	8.15485324971e-05	1.78049203897e-05	0.0	1.46319337076e-05	6.28689183053e-05	3.35906752286e-05	1.27349600122e-05	0.0	1.08106355032e-05	0.000271051083213	0.0	0.0	0.0	4.23692907381e-05	1.01416792593e-05	5.13123123894e-05	0.0
D_0__Bacteria;D_1__Bacteroidetes;D_2__Cytophagia	0.0184996421523	0.0261998608857	0.0390160442573	0.0227098049263	0.0472285233649	0.0218187586525	0.0218506212077	0.0108451667404	0.0194118998392	0.0172961348348	0.0106255800418	0.0191478942214	0.0187487489714	0.0174265658315	0.0519382537154	0.012841960484	0.0124131186476	0.00852643306218	0.0191406448984	0.0225025571088	0.0193186056442	0.015423467735	0.0142646267607	0.0142262373612	0.0133150510094	0.00953309041607	0.00941147835259	0.0516714985761	0.0284240354574
D_0__Bacteria;D_1__Bacteroidetes;D_2__Flavobacteriia	0.00281940618968	0.00590553865877	0.0067204433619	0.00496834169015	0.0151721437759	0.0102964928473	0.00991765385727	0.00445713825979	0.00725205187645	0.00420942076703	0.00411338146697	0.0052889324192	0.00802882369949	0.00592903848979	0.00752068787948	0.0032239027269	0.00780273130523	0.00372856495037	0.0116652233712	0.00638286063163	0.0190861769809	0.0021684086657	0.00579414239795	0.0027970229388	0.00368233599807	0.00509843798548	0.00175451051185	0.0158811606845	0.00433045120977
D_0__Bacteria;D_1__Bacteroidetes;D_2__SB-5	0.0	0.0	0.0	0.0	0.0	0.0	0.0	0.0	0.0	0.0	0.0	0.0	0.0	0.0	0.0	0.0	0.0	0.0	0.0	0.0	0.0	0.000251218077124	0.0	0.0	0.0	0.0	0.0	0.0	0.0
D_0__Bacteria;D_1__Bacteroidetes;D_2__SM1A07	0.0	0.0	0.0	0.0	0.0	7.21042916474e-05	0.0	0.0	0.0	0.0	0.0	0.0	0.0	0.0	0.0	0.0	0.0	0.0	0.0	0.0	0.0	0.0	0.0	0.0	0.0	0.0	0.0	0.0	0.0
D_0__Bacteria;D_1__Bacteroidetes;D_2__Sphingobacteriia	0.0485805374222	0.0572141678373	0.0487688226651	0.0678915199649	0.126338124905	0.0625	0.0739598381971	0.0322860935677	0.074749911242	0.0380264901766	0.0353609236626	0.0690805582762	0.0486029253683	0.0554445220937	0.0847514460558	0.038813642815	0.0641612238483	0.0254841256067	0.0528373490907	0.0557013614126	0.0509667410799	0.0312634285979	0.0712679514948	0.0557877477535	0.0467234108607	0.0377086687569	0.0186302647992	0.149985889114	0.059303930829
D_0__Bacteria;D_1__Bacteroidetes;D_2__WCHB1-32	0.0	1.36386574106e-05	0.0	0.0	2.82030665028e-05	4.32625749885e-05	2.88933834152e-05	3.21815036808e-05	0.0	2.50064600022e-05	2.35949223727e-05	6.12144955926e-06	3.70675147714e-05	8.90246019487e-06	0.0	3.4141178651e-05	1.39708707345e-05	5.03860128428e-05	0.0	0.0	5.4053177516e-06	0.000271051083213	0.0	0.0	0.0	2.82461938254e-05	0.0	0.0	0.0
D_0__Bacteria;D_1__Bacteroidetes;Other	2.16877399206e-05	0.0	0.0	1.82996010687e-05	9.40102216761e-06	0.0	0.0	8.04537592019e-06	5.22105966627e-06	1.66709733348e-05	0.0	0.0	0.0	0.0	0.0	0.0	0.0	0.0	1.27349600122e-05	0.0	1.08106355032e-05	3.96660121775e-05	1.3795577138e-05	0.0	0.0	0.0	0.0	0.0	1.4531715469e-05
D_0__Bacteria;D_1__Candidatus Berkelbacteria;D_2__uncultured bacterium	4.33754798412e-05	0.000300050463032	7.39593913635e-05	1.82996010687e-05	6.63601564772e-06	1.44208583295e-05	4.33400751228e-05	2.41361277606e-05	3.13263579976e-05	8.33548666739e-06	6.29197929939e-05	4.8971596474e-05	4.44810177257e-05	3.56098407795e-05	0.0	3.4141178651e-05	0.000111766965876	4.47875669714e-05	1.27349600122e-05	3.96450970908e-05	1.08106355032e-05	0.000105776032473	2.75911542759e-05	2.41122667138e-05	7.76136393035e-05	1.41230969127e-05	6.08500755555e-05	5.13123123894e-05	5.8126861876e-05
D_0__Bacteria;D_1__Candidatus Berkelbacteria;D_2__uncultured soil bacterium	0.0	0.0	0.0	0.0	0.0	0.0	0.0	0.0	0.0	0.0	0.0	0.0	1.48270059086e-05	0.0	0.0	0.0	6.98543536726e-06	0.0	0.0	0.0	0.0	0.0	1.3795577138e-05	0.0	0.0	0.0	0.0	0.0	0.0
D_0__Bacteria;D_1__Candidatus Berkelbacteria;Other	0.0	0.0	0.0	0.0	6.08301434375e-06	0.0	0.0	0.0	5.22105966627e-06	0.0	0.0	0.0	0.0	4.45123009744e-06	0.0	4.87731123586e-06	2.7941741469e-05	0.0	0.0	0.0	5.4053177516e-06	0.0	0.0	0.0	0.0	0.0	0.0	0.0	0.0
D_0__Bacteria;D_1__Chlamydiae;D_2__Chlamydiae	0.000910885076666	0.00132294976882	0.00173064975791	0.00159206529298	0.00129236404739	0.000490309183203	0.000346720600982	0.000482722555211	0.00250088758014	0.000533471146713	0.00066852280056	0.00127938295788	0.000659801762931	0.000454025469939	0.000958049411398	0.000434080699992	0.00131326184904	0.00122046119997	0.000725892720697	0.00086426311658	0.0010161997373	0.000482603148159	0.00140714886807	0.00139047404716	0.00087099750774	0.0015535406604	0.000973601208888	0.000872309310619	0.00114800552205
D_0__Bacteria;D_1__Chlamydiae;D_2__LD1-PA32	0.0	0.0	0.0	0.0	0.0	0.0	0.0	0.0	0.0	0.0	0.0	0.0	0.0	0.0	0.0	0.0	0.0	0.0	0.0	0.0	0.0	0.0	0.0	0.0	0.0	2.82461938254e-05	0.0	0.0	0.0
D_0__Bacteria;D_1__Chlorobi;D_2__Chlorobia	0.000954260556507	0.000981983333561	0.00107487648782	0.00106137686198	0.00284574471027	0.000937355791417	0.00137965905808	0.000707993080977	0.00109642252992	0.00054180663338	0.000904472024287	0.000716209598433	0.000971168887011	0.00124189319719	0.00201190376394	0.000560890792124	0.00139708707345	0.000380694319257	0.00117161632112	0.000832547038908	0.000367561607109	0.000740432227313	0.00115193069102	0.000618881512321	0.00087099750774	0.000720277942547	0.000304250377778	0.00100059009159	0.00197631330379
D_0__Bacteria;D_1__Chloroflexi;D_2__1-20	0.0	0.0	0.0	0.0	0.0	0.0	0.0	0.0	0.0	0.0	3.14598964969e-05	0.0	0.0	0.0	0.0	0.0	0.0	1.11968917429e-05	0.0	0.0	0.0	6.61100202958e-06	0.0	0.0	0.0	0.0	3.04250377778e-05	0.0	0.0
D_0__Bacteria;D_1__Chloroflexi;D_2__Anaerolineae	0.00360016482682	0.00556457222351	0.00386068022918	0.0018116605058	0.00262896819911	0.00468677895708	0.00290378503323	0.00400659720825	0.00167596015287	0.00287574290025	0.0082739527787	0.00511141038198	0.00702800080066	0.0038236066537	0.00247895285199	0.00601860206505	0.0023051936712	0.00510578263474	0.0018720391218	0.00214876426232	0.00283238650184	0.0170563852363	0.00181411839364	0.00344805414008	0.00261299252322	0.0045617603028	0.00284981187185	0.00212946096416	0.00382184116835
D_0__Bacteria;D_1__Chloroflexi;D_2__Ardenticatenia	0.0	0.000218218518569	8.38206435453e-05	0.0	0.00028645467546	0.000158629441624	0.000101126841953	0.000112635262883	1.56631789988e-05	0.000200051680017	0.00061346798169	7.95788442703e-05	0.000333607632943	0.000151341823313	4.79024705699e-05	0.000190215138199	0.0	0.00110849228254	6.36748000611e-05	0.000198225485454	0.000113511672784	0.000257829079154	6.89778856898e-06	0.0	1.72474754008e-05	0.00036720051973	0.00027382534	0.0	8.71902928141e-05
D_0__Bacteria;D_1__Chloroflexi;D_2__Caldilineae	0.000260252879047	0.000913790046508	0.000502923861272	0.000393441422977	0.000489959155324	0.000245154591601	0.000628431089281	0.000643630073615	0.000537769145626	0.000658503446724	0.000849417205417	0.000667238001959	0.000422569668394	0.000516342691303	0.00108978120547	0.00105837653818	0.000370228074465	0.00108609849906	0.000471193520452	0.00114970781563	0.000735123214218	0.00124286838156	0.000255218177052	0.000192898133711	0.000551919212825	0.000776770330198	0.000436092208148	0.000590091592478	0.000465014895008
D_0__Bacteria;D_1__Chloroflexi;D_2__Chloroflexia	0.000281940618968	0.00147297500034	0.00104036210518	0.000439190425649	0.000466733100557	0.000591255191509	0.000960704998555	0.0010378534937	0.000355032057306	0.000616826013387	0.00185613389332	0.000752938295788	0.000652388259977	0.000983721851534	0.000658658970336	0.00139003370222	0.000705528972093	0.000990924919242	0.000483928480465	0.00111799173796	0.000789176391734	0.000694155213106	0.000282809331328	0.000908228712887	0.000922739933942	0.00105923226845	0.000628784114074	0.00043615465531	0.000624863765167
D_0__Bacteria;D_1__Chloroflexi;D_2__Elev-1554	0.000130126439524	0.0	0.0	0.0	0.0	0.0	0.0	0.0	4.17684773302e-05	0.0	0.0	0.0	0.0	0.0	0.0	0.0	6.98543536726e-06	0.0	0.0	0.0	0.0	0.0	6.20800971209e-05	0.0	0.0	0.0	0.0	0.0	0.0
D_0__Bacteria;D_1__Chloroflexi;D_2__Gitt-GS-136	0.000628944457698	0.00327327777854	0.00269705247172	0.00118947406947	0.000519268224434	0.002494808491	0.00154579601271	0.00878555050485	0.00117473842491	0.00861055772741	0.00322463939094	0.00127938295788	0.00462602584347	0.00223451750891	0.00150892782295	0.0029507732977	5.58834829381e-05	0.00345424110267	0.00371860832357	0.00162544898072	0.00384858623914	0.00720599221224	0.000469049622691	8.03742223794e-05	0.00184547986788	0.00499957630709	0.00261655324889	0.00038484234292	0.0022524158977
D_0__Bacteria;D_1__Chloroflexi;D_2__JG30-KF-CM66	0.00114945021579	0.000750126157581	0.000892443322453	0.000530688430992	0.000354473835849	0.000793147208122	0.00051285755562	0.00152862142484	0.000459453250632	0.00185047804016	0.00232016736665	0.000624387855044	0.00128994951404	0.000627623443739	0.000622732117409	0.00108276309436	0.00129230554294	0.00249690685866	0.00182109928175	0.000483670184508	0.000918904017773	0.00117675836126	0.00054492529695	0.000385796267421	0.000681275278331	0.00128520181905	0.00106487632222	0.000487466967699	0.000639395480636
D_0__Bacteria;D_1__Chloroflexi;D_2__JG37-AG-4	0.000130126439524	0.0	3.45143826363e-05	9.14980053435e-06	0.0	0.0	7.2233458538e-06	0.0	3.65474176639e-05	0.0	0.0	6.12144955926e-06	0.0	0.0	0.0	0.0	0.000537878523279	1.11968917429e-05	0.0	0.0	0.0	5.28880162366e-05	0.0	0.000152711022521	0.0	0.0	0.0	0.0	0.0
D_0__Bacteria;D_1__Chloroflexi;D_2__KD4-96	0.0069400767746	0.0106927074099	0.016488013648	0.0104216228086	0.00383948805351	0.00871019843101	0.0109722623519	0.030347157971	0.00839546394336	0.0235477498354	0.0213298098249	0.0100024485798	0.0127512250814	0.0132157021593	0.00862244470259	0.0138223000424	0.00776081869303	0.0133578918492	0.0168992919362	0.0107993244475	0.0179780868418	0.0234095581867	0.0102708071792	0.0075632143259	0.0163419829422	0.0170324548767	0.0119874648844	0.00282217718141	0.0172491462617
D_0__Bacteria;D_1__Chloroflexi;D_2__Ktedonobacteria	0.00711357869396	0.000122747916695	0.000394450087272	0.000521538630458	4.31341017102e-05	0.000201892016613	0.000144466917076	0.000249406653526	0.000396800534637	0.000200051680017	0.000102244663615	0.000312193927522	7.41350295428e-05	0.000195854124287	0.00014370741171	0.000268252117972	0.00342286332996	0.000296717631186	8.91447200856e-05	0.000134793330109	0.000183780803555	0.000390049119745	0.000944997033951	0.000940378401839	0.000172474754008	0.000112984775302	0.0	0.000282217718141	0.000232507447504
D_0__Bacteria;D_1__Chloroflexi;D_2__MSB-5E12	0.0	0.0	0.0	0.0	1.10600260795e-06	0.0	0.0	0.0	0.0	0.0	0.0	0.0	0.0	0.0	0.0	0.0	0.0	0.0	0.0	0.0	0.0	0.0	0.0	0.0	0.0	0.0	0.0	0.0	0.0
D_0__Bacteria;D_1__Chloroflexi;D_2__NLS2-31	0.0	0.0	0.0	1.82996010687e-05	2.21200521591e-06	0.0	0.0	8.04537592019e-06	1.04421193325e-05	1.66709733348e-05	4.71898447454e-05	0.0	0.0	4.45123009744e-06	0.0	0.0	0.0	0.0	1.27349600122e-05	2.37870582545e-05	5.4053177516e-06	1.32220040592e-05	0.0	0.0	0.0	0.0	0.0	0.0	0.0
D_0__Bacteria;D_1__Chloroflexi;D_2__P2-11E	6.50632197619e-05	0.000259134490801	0.000187363791454	4.57490026717e-05	1.10600260795e-05	1.44208583295e-05	1.44466917076e-05	0.0	6.26527159952e-05	0.00015837424668	0.000180894404857	6.73359451518e-05	2.22405088628e-05	2.67073805846e-05	3.59268529274e-05	1.46319337076e-05	6.98543536726e-06	0.0001567564844	5.09398400489e-05	0.0	0.000340535018351	0.000885874271963	1.3795577138e-05	2.41122667138e-05	9.48611147043e-05	7.06154845635e-05	0.00116629311481	5.13123123894e-05	0.000247039162973
D_0__Bacteria;D_1__Chloroflexi;D_2__S085	0.00281940618968	0.00414615185281	0.00537438243908	0.00224170113092	0.00161144579979	0.0016151361329	0.0018925166137	0.00275956394063	0.00225027671616	0.00400103360035	0.00514369307725	0.00263834476004	0.00305436321716	0.00175823588849	0.00223944049914	0.00202896147412	0.00197687820893	0.0056040443173	0.00304365544292	0.00245006700021	0.0028594130906	0.00602262284895	0.00304882254749	0.0018646819592	0.00174199501548	0.00285286557636	0.00448262223259	0.00130846396593	0.00222335246676
D_0__Bacteria;D_1__Chloroflexi;D_2__SAR202 clade	0.0	0.000354605092675	0.000497993235181	1.82996010687e-05	1.49310352074e-05	0.000100946008306	4.33400751228e-05	2.41361277606e-05	2.08842386651e-05	7.50193800065e-05	7.86497412424e-05	9.79431929481e-05	0.000148270059086	3.11586106821e-05	8.38293234974e-05	5.85277348303e-05	1.39708707345e-05	0.000251930064214	5.09398400489e-05	3.96450970908e-05	0.00010270103728	0.000271051083213	2.0693365707e-05	3.21496889518e-05	0.0	7.06154845635e-05	0.000608500755555	0.0	7.26585773451e-05
D_0__Bacteria;D_1__Chloroflexi;D_2__SBR2076	0.000108438699603	0.000190941203748	0.000369796956818	0.00021044541229	0.000258804610261	0.00027399630826	0.000498410863912	0.000490767931132	0.000375916295971	0.000341754953363	0.000707847671181	0.0003305582762	0.000793244816108	0.000235915195164	0.000538902793912	0.000965707624701	0.000370228074465	0.00115887829539	0.000152819520147	0.000586747436944	0.000318913747345	0.000548713168455	0.000282809331328	0.000297384622804	0.000258712131012	0.000903878202412	0.00013184183037	0.000102624624779	0.000392356317663
D_0__Bacteria;D_1__Chloroflexi;D_2__SHA-26	2.16877399206e-05	0.0	4.9306260909e-06	0.0	4.42401043182e-06	0.0	0.0	0.0	0.0	0.0	0.0	6.12144955926e-06	0.0	0.0	0.0	0.0	1.39708707345e-05	0.0	1.27349600122e-05	0.0	0.0	3.30550101479e-05	6.89778856898e-06	0.0	0.0	0.0	0.0	0.0	0.0
D_0__Bacteria;D_1__Chloroflexi;D_2__SJA-15	0.0	0.0	0.0	0.0	3.87100912784e-06	0.0	0.0	0.0	0.0	0.0	0.0	0.0	0.0	0.0	0.0	0.0	0.0	0.0	0.0	0.0	0.0	0.000826375253697	0.0	0.0	0.0	0.0	0.0	0.0	0.0
D_0__Bacteria;D_1__Chloroflexi;D_2__TK10	0.00535687176039	0.00624650509404	0.00718392221444	0.00437360465542	0.00187578042309	0.00294185509922	0.00330829240104	0.00450541051531	0.00515840695027	0.00597654394052	0.0048369590864	0.00325661116552	0.00312108474375	0.00325830043132	0.00468246649821	0.00241914637299	0.00692256644895	0.00401968413568	0.00482654984463	0.00419445127221	0.00513505186402	0.00483925348565	0.00481465642115	0.00457329325339	0.00400141429298	0.00283874247945	0.00352930438222	0.00277086486903	0.00334229455787
D_0__Bacteria;D_1__Chloroflexi;D_2__Thermomicrobia	0.00190852111301	0.00484172338075	0.00316053132427	0.00301943417633	0.00133218014128	0.00138440239963	0.00153134932101	0.00170561969508	0.00317962533676	0.00380098192033	0.00209208311705	0.00238736532811	0.00115650646087	0.00132201533894	0.00432319796894	0.00191678331569	0.0016206210052	0.00206022808068	0.00227955784219	0.00337776227214	0.00276752268882	0.00481942047956	0.00184170954792	0.0024353389381	0.00196621219569	0.00158178685422	0.00224131111629	0.000923621623008	0.00287727966286
D_0__Bacteria;D_1__Chloroflexi;D_2__uncultured Bellilinea sp.	0.0	0.0	1.97225043636e-05	0.0	0.0	0.0	0.0	0.0	0.0	0.0	7.86497412424e-06	0.0	0.0	0.0	0.0	0.0	0.0	0.0	0.0	0.0	0.0	0.0	0.0	3.21496889518e-05	0.0	0.0	0.0	0.0	0.0
D_0__Bacteria;D_1__Chloroflexi;Other	2.16877399206e-05	0.0	4.9306260909e-06	9.14980053435e-06	2.76500651989e-06	0.0	0.0	0.0	0.0	0.0	0.0	6.12144955926e-06	7.41350295428e-06	4.45123009744e-06	1.19756176425e-05	0.0	0.0	0.0	1.27349600122e-05	7.92901941817e-06	0.0	2.64440081183e-05	0.0	0.0	0.0	0.0	1.01416792593e-05	0.0	1.4531715469e-05
D_0__Bacteria;D_1__Cyanobacteria;D_2__Chloroplast	0.000607256717777	0.00212763055605	0.000463478852545	0.000466639827252	0.000287560678068	0.000692201199815	0.00253539439468	0.000378132668249	0.000156631789988	0.000966916453417	0.00151007503185	0.00159157688541	0.00152718160858	0.00162915021566	0.00307773373412	0.00526749613473	0.0011525968356	0.000246331618343	0.000522133360501	0.00284651797112	0.00267022696929	0.00193702359467	0.000510436354105	0.00316674436175	0.00100897731095	0.0049007146287	0.000375242132592	0.000461810811504	0.00133691782315
D_0__Bacteria;D_1__Cyanobacteria;D_2__Cyanobacteria	0.0	9.5470601874e-05	0.0	0.0	3.31800782386e-06	0.0	0.0	2.41361277606e-05	0.0	0.000200051680017	0.000196624353106	0.0	8.15485324971e-05	0.0	0.0	0.000726719374143	1.39708707345e-05	5.59844587143e-06	0.0	0.0	0.000221618027816	1.98330060887e-05	1.3795577138e-05	0.0	6.03661639028e-05	0.000169477162952	0.0	0.0	0.0
D_0__Bacteria;D_1__Cyanobacteria;D_2__ML635J-21	0.00034700383873	0.000163663888927	4.9306260909e-06	0.000658785638473	0.000435765027534	0.000346100599908	0.000397284021959	0.000297678909047	0.000172294968987	0.000183380706683	0.000188759378982	0.000373408423115	0.000214991585674	0.000284878726236	0.000646683352694	0.000360921031454	0.00027941741469	0.000207142497243	0.000369313840355	0.000229941563127	0.000199996756809	0.000105776032473	0.000110364617104	0.000225047822662	0.000284583344113	0.000169477162952	6.08500755555e-05	0.000230905405752	0.000712054057982
D_0__Bacteria;D_1__Cyanobacteria;D_2__Melainabacteria	0.000542193498016	0.000681932870528	0.000335282574181	0.000914980053435	0.00123651091569	0.00141324411629	0.00202253683906	0.000764310712418	0.000563874443957	0.000441780793372	0.00046403347333	0.00140793339863	0.000808071822017	0.00140658871079	0.000982000646683	0.000682823573021	0.00107575704656	0.000515057020171	0.000776832560746	0.000816689000071	0.000983767830792	0.00094537329023	0.000669085491192	0.00103682746869	0.000931363671643	0.000720277942547	0.000902609454073	0.00135977627832	0.00120613238393
D_0__Bacteria;D_1__Deferribacteres;D_2__Deferribacteres Incertae Sedis	0.0	0.0	0.000157780034909	0.0	1.27190299915e-05	0.000144208583295	5.77867668304e-05	1.60907518404e-05	0.00012530543199	6.66838933391e-05	0.000283139068472	0.000104064642507	0.000533772212708	5.78659912667e-05	0.000107780558782	6.34050460662e-05	6.98543536726e-06	0.0011364845119	5.09398400489e-05	0.000214083524291	0.000313508429593	0.000178497054799	6.89778856898e-06	0.0	1.72474754008e-05	0.000395446713555	0.000121700151111	0.0	0.000101722008283
D_0__Bacteria;D_1__Deinococcus-Thermus;D_2__Deinococci	0.0	0.0	4.9306260909e-06	0.0	1.10600260795e-06	0.0	0.0	1.60907518404e-05	0.0	0.0	0.0	0.0	0.0	0.0	0.0	0.0	0.0	0.0	0.0	0.0	0.0	7.27210223254e-05	0.0	0.0	0.0	0.0	2.02833585185e-05	0.0	0.0
D_0__Bacteria;D_1__Elusimicrobia;D_2__Elusimicrobia	0.00390379318571	0.00331419375077	0.00154821659254	0.00326647879076	0.00172259906189	0.00357637286571	0.00327939901762	0.00246188503158	0.00311697262076	0.00141703273346	0.00287071555535	0.0026138589618	0.00283937163149	0.00373458205175	0.00323341676347	0.00241914637299	0.00490377562782	0.00213300787701	0.00282716112271	0.00413101911687	0.00204861542786	0.00204279962714	0.00164857146799	0.00352842836246	0.00331151527695	0.00309295822388	0.00180521890815	0.000872309310619	0.00215069388941
D_0__Bacteria;D_1__FBP;D_2__uncultured bacterium	0.000195189659286	0.00023185717598	4.43756348181e-05	0.000164696409618	0.000117236276443	2.8841716659e-05	5.05634209766e-05	3.21815036808e-05	0.000146189670656	8.33548666739e-05	3.14598964969e-05	0.000183643486778	2.22405088628e-05	4.00610708769e-05	0.000119756176425	8.29142910097e-05	4.88980475708e-05	3.35906752286e-05	3.82048800367e-05	3.17160776727e-05	6.48638130192e-05	0.000112387034503	0.000103466828535	2.41122667138e-05	6.03661639028e-05	2.82461938254e-05	4.0566717037e-05	0.000795340842035	0.000188912301097
D_0__Bacteria;D_1__FBP;D_2__uncultured soil bacterium	0.0	0.0	0.0	0.0	2.76500651989e-06	0.0	0.0	8.04537592019e-06	5.22105966627e-06	2.50064600022e-05	0.0	0.0	0.0	4.45123009744e-06	0.0	0.0	0.0	0.0	0.0	0.0	5.4053177516e-06	1.32220040592e-05	6.89778856898e-06	1.60748444759e-05	0.0	0.0	0.0	0.0	1.4531715469e-05
D_0__Bacteria;D_1__FBP;Other	0.0	1.36386574106e-05	0.0	0.0	0.0	0.0	0.0	0.0	0.0	0.0	7.86497412424e-06	0.0	0.0	0.0	0.0	4.87731123586e-06	0.0	0.0	0.0	0.0	0.0	0.0	0.0	0.0	0.0	0.0	0.0	0.0	0.0
D_0__Bacteria;D_1__FCPU426;D_2__uncultured bacterium	0.000390379318571	0.0	4.9306260909e-06	0.000247044614427	3.04150717187e-05	0.000216312874942	1.44466917076e-05	2.41361277606e-05	0.000229726625316	5.00129200043e-05	2.35949223727e-05	1.22428991185e-05	8.15485324971e-05	7.1219681559e-05	7.18537058549e-05	6.82823573021e-05	0.000719499842828	4.47875669714e-05	1.27349600122e-05	1.58580388363e-05	5.4053177516e-05	7.27210223254e-05	0.000303502697035	0.000112523911331	5.17424262024e-05	4.23692907381e-05	0.0	5.13123123894e-05	4.3595146407e-05
D_0__Bacteria;D_1__Fibrobacteres;D_2__Chitinivibrionia	0.0	0.0	0.0	0.0	0.0	0.0	0.0	0.0	0.0	0.0	0.0	0.0	0.0	0.0	0.0	0.0	0.0	0.0	0.0	0.0	0.0	0.000105776032473	0.0	0.0	0.0	0.0	0.0	0.0	0.0
D_0__Bacteria;D_1__Fibrobacteres;D_2__Fibrobacteria	0.000108438699603	2.72773148211e-05	7.39593913635e-05	0.000192145811221	0.000196868464216	0.000360521458237	0.000281710488298	0.000281588157207	0.000130526491657	6.66838933391e-05	0.000133704560112	0.000104064642507	0.000644974757022	0.000721099275785	0.000311366058704	9.75462247172e-05	0.000530893087912	0.000218339388986	0.000101879680098	0.000229941563127	0.00030269779409	7.27210223254e-05	6.89778856898e-05	7.23368001415e-05	0.000396691934218	9.88616783888e-05	0.00013184183037	0.000179593093363	0.000116253723752
D_0__Bacteria;D_1__Firmicutes;D_2__Bacilli	0.01912858661	0.0104199342617	0.0123364264794	0.0122332833144	0.00368243568318	0.00256691278265	0.00388616006934	0.00302506134599	0.0124992168411	0.0143870499879	0.00647287370425	0.00499510284035	0.00119357397564	0.00331616642259	0.00914937187885	0.0110178460818	0.0156264189166	0.0163026743776	0.00667311904641	0.0117983808942	0.010140376102	0.0121113557182	0.00929821899099	0.00624507707888	0.00680412904561	0.0111713696579	0.0211149762178	0.009621058573	0.0076436823367
D_0__Bacteria;D_1__Firmicutes;D_2__Clostridia	0.00327484872801	0.0011592858799	0.00127703215754	0.000969878856641	0.00177347518185	0.000461467466544	0.00051285755562	0.000587312442174	0.0017803813462	0.00163375538681	0.00127412580813	0.000875367286974	0.000385502153623	0.000756709116564	0.000993976264326	0.00161926733031	0.00331808179945	0.00197625139261	0.000776832560746	0.00256107327207	0.00238915044621	0.00439631634967	0.00102087270821	0.00114131395779	0.000534671737424	0.00254215744428	0.00389440483555	0.00038484234292	0.000668458911575
D_0__Bacteria;D_1__Firmicutes;D_2__Erysipelotrichia	2.16877399206e-05	2.72773148211e-05	0.000108473774	2.7449401603e-05	0.000374381882792	0.000230733733272	0.000296157180006	0.000152862142484	1.04421193325e-05	5.83484066717e-05	5.50548188696e-05	9.79431929481e-05	0.000444810177257	0.000320488567015	7.18537058549e-05	0.000126810092132	0.00115958227097	0.000341505198157	2.54699200245e-05	0.000340947834981	5.4053177516e-05	6.61100202958e-05	2.0693365707e-05	0.000168785866997	7.76136393035e-05	0.000197723356778	0.00013184183037	2.56561561947e-05	2.9063430938e-05
D_0__Bacteria;D_1__Firmicutes;D_2__Limnochordia	0.000281940618968	5.45546296423e-05	0.000113404400091	0.000155546609084	5.58531317017e-05	1.44208583295e-05	1.44466917076e-05	1.60907518404e-05	0.00022450556565	6.66838933391e-05	0.000165164456609	2.4485798237e-05	0.0	2.67073805846e-05	0.000119756176425	8.77916022455e-05	1.39708707345e-05	6.71813504571e-05	7.64097600734e-05	0.000214083524291	0.000108106355032	6.61100202958e-05	0.000193138079932	6.42993779035e-05	0.0	0.000183600259865	0.00014198350963	0.0	1.4531715469e-05
D_0__Bacteria;D_1__Firmicutes;D_2__Negativicutes	0.0	2.72773148211e-05	0.0	0.0	1.82490430312e-05	0.0	1.44466917076e-05	1.60907518404e-05	0.0	2.50064600022e-05	1.57299482485e-05	6.12144955926e-06	7.41350295428e-06	0.0	0.0	4.38958011228e-05	1.39708707345e-05	2.79922293571e-05	0.0	7.92901941817e-06	7.02691307709e-05	7.27210223254e-05	6.89778856898e-06	8.03742223794e-06	8.62373770039e-06	5.64923876508e-05	3.04250377778e-05	0.0	5.8126861876e-05
D_0__Bacteria;D_1__Fusobacteria;D_2__Fusobacteriia	0.0	0.0	0.0	0.0	0.0	0.0	0.0	0.0	0.0	1.66709733348e-05	0.0	0.0	0.0	0.0	0.0	0.0	6.98543536726e-06	0.0	0.0	1.58580388363e-05	4.32425420128e-05	0.0	0.0	0.0	0.0	0.0	1.01416792593e-05	0.0	0.0
D_0__Bacteria;D_1__GAL15;D_2__uncultured bacterium	0.0	0.0	4.9306260909e-06	0.0	0.0	0.0	0.0	5.63176314413e-05	0.0	0.0	1.57299482485e-05	0.0	2.22405088628e-05	4.45123009744e-06	0.0	3.4141178651e-05	0.0	4.47875669714e-05	0.0	0.0	1.62159532548e-05	6.61100202958e-06	0.0	0.0	0.0	1.41230969127e-05	6.08500755555e-05	0.0	0.0
D_0__Bacteria;D_1__Gemmatimonadetes;D_2__AKAU4049	2.16877399206e-05	0.00106381527802	0.000226808800181	2.7449401603e-05	5.80651369176e-05	0.00310048454084	0.000585091014158	0.00152862142484	0.000114863312658	0.00116696813343	0.00166737451434	0.000257100881489	0.00140115205836	0.000912502169975	0.00014370741171	0.000941321068521	0.0	0.00216100010637	0.00103153176099	0.000118935291273	0.000248644616574	0.0010048723085	8.96712513968e-05	0.0	0.000189722229409	0.00156766375731	0.00235286958815	0.0	0.000188912301097
D_0__Bacteria;D_1__Gemmatimonadetes;D_2__BD2-11 terrestrial group	0.00114945021579	0.0010365379632	0.00279566499354	0.000850931449694	0.000591158393951	0.00108156437471	0.00078012135221	0.000659720825456	0.000626527159952	0.0011002842401	0.00101458166203	0.00108961802155	0.00153459511154	0.00067658697481	0.00107780558782	0.00048285381235	0.000167650448814	0.00153957261464	0.00113341144109	0.000412309009745	0.000794581709486	0.00297495091331	0.00102087270821	0.000321496889518	0.000569166688226	0.000833262717849	0.00418851353407	0.000487466967699	0.00215069388941
D_0__Bacteria;D_1__Gemmatimonadetes;D_2__Gemmatimonadetes	0.0674705588931	0.0316962398222	0.0438431272003	0.0366358013395	0.00861741931987	0.0233041070605	0.016057497833	0.0169435616879	0.0303552408997	0.0234894014287	0.0317430355654	0.0286361410382	0.0302396785505	0.0213970630784	0.0163227668467	0.0178802229907	0.0130138660892	0.0281825765168	0.0174723651368	0.0125754247972	0.0359723896369	0.0575884386797	0.0386759005063	0.0476860261377	0.0231374882502	0.0327655848374	0.0832530450392	0.0198835210509	0.0284095037419
D_0__Bacteria;D_1__Gemmatimonadetes;D_2__Longimicrobia	0.000281940618968	0.000259134490801	0.000123265652273	0.000247044614427	0.000691804631275	0.00027399630826	0.000447847442936	0.000257452029446	0.000114863312658	0.000291742033359	0.000361788809715	0.000355044074437	6.67215265885e-05	0.000129085672826	0.000443097852772	0.000419448766284	0.0	4.47875669714e-05	0.000305639040293	0.000142722349527	0.000124322308287	0.000204941062917	0.000262115965621	0.000152711022521	0.000319078294915	0.000127107872214	8.1133434074e-05	0.000795340842035	0.00058126861876
D_0__Bacteria;D_1__Gemmatimonadetes;D_2__S0134 terrestrial group	0.001366327615	0.00214126921346	0.00115376650527	0.00069538484061	0.000832266962485	0.00116808952469	0.000476740826351	0.000780401464258	0.000694400935614	0.00142536822012	0.000990986739654	0.000703966699314	0.000437396674303	0.000253720115554	0.00131731794067	0.00099009418088	9.77960951416e-05	0.000895751339428	0.00105700168101	0.000753256844726	0.000686475354454	0.00188413557843	0.00139335329093	0.000176823289235	0.000258712131012	0.00124283252832	0.0018660689837	0.000692716217256	0.00254305020708
D_0__Bacteria;D_1__Gracilibacteria;D_2__uncultured bacterium	4.33754798412e-05	0.0	0.0	1.82996010687e-05	2.76500651989e-06	1.44208583295e-05	1.44466917076e-05	0.0	0.0	0.0	7.86497412424e-06	0.0	0.0	1.33536902923e-05	0.0	3.90184898869e-05	0.0	2.23937834857e-05	2.54699200245e-05	0.0	0.0	3.96660121775e-05	0.0	0.0	0.0	0.0	0.0	2.56561561947e-05	5.8126861876e-05
D_0__Bacteria;D_1__Gracilibacteria;Other	0.0	0.0	0.0	0.0	3.31800782386e-06	0.0	7.2233458538e-06	0.0	0.0	0.0	0.0	6.12144955926e-06	0.0	0.0	0.0	0.0	0.0	0.0	0.0	0.0	5.4053177516e-06	0.0	0.0	0.0	0.0	0.0	0.0	0.0	0.0
D_0__Bacteria;D_1__Hydrogenedentes;D_2__uncultured bacterium	6.50632197619e-05	6.81932870528e-05	9.8612521818e-06	9.14980053435e-06	0.00015152235729	1.44208583295e-05	2.16700375614e-05	2.41361277606e-05	2.61052983313e-05	1.66709733348e-05	7.86497412424e-06	4.8971596474e-05	7.41350295428e-06	2.22561504872e-05	0.0	5.85277348303e-05	6.98543536726e-06	2.79922293571e-05	7.64097600734e-05	3.96450970908e-05	1.62159532548e-05	0.000125609038562	6.20800971209e-05	4.01871111897e-05	0.0	2.82461938254e-05	2.02833585185e-05	0.000410498499115	0.000101722008283
D_0__Bacteria;D_1__Hydrogenedentes;D_2__uncultured organism	0.0	1.36386574106e-05	0.0	1.82996010687e-05	5.53001303977e-06	0.0	0.0	0.0	0.0	1.66709733348e-05	1.57299482485e-05	6.12144955926e-06	0.0	0.0	0.0	4.87731123586e-06	0.0	0.0	1.27349600122e-05	0.0	1.08106355032e-05	1.98330060887e-05	0.0	0.0	0.0	0.0	0.0	2.56561561947e-05	0.0
D_0__Bacteria;D_1__Hydrogenedentes;Other	0.0	1.36386574106e-05	0.0	0.0	2.76500651989e-06	0.0	0.0	0.0	0.0	0.0	2.35949223727e-05	0.0	0.0	0.0	0.0	4.87731123586e-06	6.98543536726e-06	5.59844587143e-06	0.0	7.92901941817e-06	0.0	0.0	6.89778856898e-06	0.0	0.0	4.23692907381e-05	6.08500755555e-05	0.0	0.0
D_0__Bacteria;D_1__Ignavibacteriae;D_2__Ignavibacteria	0.0	5.45546296423e-05	9.36818957271e-05	2.7449401603e-05	0.00109991959361	0.00105272265805	0.000101126841953	2.41361277606e-05	0.0	8.33548666739e-05	0.000180894404857	6.73359451518e-05	0.000252059100446	0.000169146743703	0.0	7.80369797738e-05	1.39708707345e-05	0.000179150267886	0.000305639040293	7.13611747635e-05	3.24319065096e-05	1.32220040592e-05	6.89778856898e-06	0.0	0.0	0.000437816004293	0.000111558471852	0.0	0.000247039162973
D_0__Bacteria;D_1__Latescibacteria;Ambiguous_taxa	0.000455442538333	0.00114564722249	0.00306191880245	0.00042089082458	0.00114139469141	0.00259575449931	0.000642877780988	0.000337905788648	0.000898022262598	0.000866890613408	0.00154153492835	0.00141405484819	0.00138632505245	0.000262622575749	0.000407170999844	0.000351166408982	1.39708707345e-05	0.00354941468248	0.000445723600428	0.000848405077744	0.00247023021248	0.00212213165149	0.00013795577138	0.00261216222733	0.00133667934356	0.00117221704375	0.000780909302962	0.000102624624779	0.000668458911575
D_0__Bacteria;D_1__Latescibacteria;D_2__Latescibacteria Incertae Sedis	0.0	0.0	0.0	0.0	1.65900391193e-06	0.0	0.0	0.0	0.0	0.0	0.0	0.0	0.0	0.0	0.0	0.0	0.0	0.0	0.0	0.0	0.0	3.30550101479e-05	0.0	0.0	0.0	0.0	0.0	0.0	0.0
D_0__Bacteria;D_1__Latescibacteria;D_2__uncultured Latescibacteria bacterium	0.0	0.0	0.0	0.0	5.19821225738e-05	0.0	0.0	0.0	0.0	8.33548666739e-06	0.0	0.0	0.0	1.33536902923e-05	0.0	0.0	0.0	0.0	0.0	0.0	0.0	0.0	6.89778856898e-06	0.0	0.0	0.0	0.0	0.0	0.0
D_0__Bacteria;D_1__Latescibacteria;D_2__uncultured Pelobacter sp.	0.0	0.0	0.0	0.0	2.21200521591e-06	0.0	0.0	0.0	0.0	0.0	0.0	0.0	0.0	0.0	0.0	0.0	0.0	0.0	0.0	0.0	0.0	0.0	0.0	0.0	0.0	0.0	0.0	0.0	0.0
D_0__Bacteria;D_1__Latescibacteria;D_2__uncultured bacterium	0.00166995597389	0.00336874838041	0.00595619631781	0.00172931230099	0.00904378332524	0.0233329487771	0.00979485697775	0.0116818858361	0.00247478228181	0.00707682818061	0.0155805137401	0.00397894221352	0.0245090407669	0.0103491099765	0.00199992814629	0.0125834629885	0.00113862596486	0.011711948763	0.00706790280679	0.0041468771557	0.00330805446398	0.0059895678388	0.00144163781092	0.00454918098667	0.00610560629188	0.0156625144762	0.00489843108222	0.000333530030531	0.00299353338662
D_0__Bacteria;D_1__Latescibacteria;Other	0.000585568977857	0.000204579861158	0.00197225043636	0.000311093218168	0.000520374227042	0.00102388094139	0.000801791389772	0.000941308982662	0.00119562266358	0.000633496986722	0.00140783036824	0.000685602350637	0.00428500470757	0.000605367293251	0.000958049411398	0.000755983241559	0.000516922217177	0.00406447170266	0.000611278080587	0.000451954106836	0.000340535018351	0.000594990182662	0.000420765102708	0.000900191290649	0.000482929311222	0.00299409654549	0.00040566717037	0.0	0.00119160066846
D_0__Bacteria;D_1__Lentisphaerae;D_2__Oligosphaeria	0.0	0.0	0.0	0.0	1.10600260795e-06	0.0	0.0	0.0	0.0	0.0	0.0	0.0	0.0	0.0	0.0	0.0	0.0	0.0	0.0	0.0	0.0	0.0	0.0	0.0	0.0	0.0	0.0	0.0	0.0
D_0__Bacteria;D_1__Microgenomates;D_2__Candidatus Curtissbacteria	0.0	0.0	0.0	0.0	0.0	0.0	0.0	0.0	0.0	0.0	0.0	0.0	0.0	0.0	0.0	0.0	0.0	0.0	0.0	0.0	0.0	0.0	1.3795577138e-05	0.0	0.0	0.0	0.0	0.0	0.0
D_0__Bacteria;D_1__Microgenomates;D_2__Candidatus Daviesbacteria	0.0	0.0	0.0	0.0	0.0	0.0	0.0	0.0	0.0	0.0	0.0	0.0	0.0	0.0	0.0	0.0	0.0	0.0	0.0	0.0	0.0	0.0	1.3795577138e-05	0.0	0.0	0.0	0.0	0.0	0.0
D_0__Bacteria;D_1__Microgenomates;D_2__Candidatus Pacebacteria	0.0	0.0	0.0	0.0	1.93550456392e-05	0.0	0.0	0.0	0.0	0.0	0.0	0.0	0.0	0.0	0.0	0.0	0.0	0.0	0.0	0.0	0.0	0.0	0.0	0.0	0.0	0.0	0.0	0.0	0.0
D_0__Bacteria;D_1__Microgenomates;D_2__Candidatus Woesebacteria	4.33754798412e-05	1.36386574106e-05	2.46531304545e-05	0.0	1.10600260795e-05	4.32625749885e-05	2.88933834152e-05	2.41361277606e-05	0.0	2.50064600022e-05	1.57299482485e-05	1.83643486778e-05	1.48270059086e-05	8.90246019487e-06	0.0	4.87731123586e-06	0.0	0.0	0.0	0.0	0.0	7.27210223254e-05	6.89778856898e-06	0.0	0.0	0.0	2.02833585185e-05	0.0	4.3595146407e-05
D_0__Bacteria;D_1__Microgenomates;D_2__uncultured bacterium	2.16877399206e-05	1.36386574106e-05	1.47918782727e-05	9.14980053435e-06	0.0	0.0	2.88933834152e-05	0.0	5.7431656329e-05	0.0	0.0	6.12144955926e-06	7.41350295428e-06	4.45123009744e-06	0.0	0.0	1.39708707345e-05	0.0	1.27349600122e-05	0.0	2.7026588758e-05	0.000185108056828	0.0	0.0	8.62373770039e-06	1.41230969127e-05	6.08500755555e-05	0.0	7.26585773451e-05
D_0__Bacteria;D_1__Microgenomates;D_2__uncultured candidate division WS6 bacterium	0.0	1.36386574106e-05	0.0	0.0	1.65900391193e-06	0.0	0.0	0.0	1.04421193325e-05	8.33548666739e-06	0.0	0.0	0.0	4.45123009744e-06	0.0	0.0	0.0	0.0	0.0	0.0	1.08106355032e-05	0.0	0.0	0.0	0.0	0.0	0.0	0.0	0.0
D_0__Bacteria;D_1__Microgenomates;D_2__uncultured soil bacterium	0.0	1.36386574106e-05	0.0	9.14980053435e-06	0.0	0.0	0.0	0.0	5.22105966627e-06	0.0	0.0	6.12144955926e-06	0.0	0.0	0.0	0.0	6.98543536726e-06	0.0	0.0	0.0	0.0	0.0	0.0	1.60748444759e-05	0.0	0.0	0.0	2.56561561947e-05	1.4531715469e-05
D_0__Bacteria;D_1__Microgenomates;Other	0.0	0.0	0.0	0.0	5.53001303977e-07	0.0	0.0	8.04537592019e-06	1.04421193325e-05	0.0	0.0	6.12144955926e-06	0.0	1.33536902923e-05	0.0	0.0	0.0	0.0	0.0	0.0	0.0	0.0	1.3795577138e-05	0.0	0.0	0.0	0.0	0.0	0.0
D_0__Bacteria;D_1__Nitrospirae;D_2__Nitrospira	0.0102366132425	0.0124793715307	0.0189533266934	0.00867401090656	0.00763805401053	0.0254816566682	0.00861745160358	0.0251176636228	0.00825971639204	0.0135284948612	0.021526434178	0.014666993144	0.0206910867454	0.0172307117072	0.00841885920266	0.018363076803	0.00299675177255	0.029828519603	0.017739799297	0.0112274914961	0.02110776582	0.0139690472885	0.0074496116545	0.0144432477616	0.0172560991385	0.0259723752224	0.0337008001785	0.00189855555841	0.00953280534767
D_0__Bacteria;D_1__Omnitrophica;D_2__Omnitrophica Incertae Sedis	0.000325316098809	0.000150025231516	0.000103543147909	9.14980053435e-05	4.7558112142e-05	5.7683433318e-05	0.000158913608784	8.04537592019e-05	1.56631789988e-05	0.000166709733348	0.000196624353106	0.000177522037218	0.00015568356204	0.000142439363118	0.000107780558782	6.82823573021e-05	0.000272431979323	0.000403088102743	8.91447200856e-05	0.000206154504872	0.00013513294379	0.000548713168455	0.000103466828535	0.0002330852449	0.00021559344251	0.00036720051973	0.00138941005852	0.000205249249557	0.000174380585628
D_0__Bacteria;D_1__Omnitrophica;D_2__uncultured Firmicutes bacterium	0.0	0.0	0.0	0.0	0.0	0.0	0.0	0.0	0.0	0.0	0.0	0.0	0.0	0.0	0.0	0.0	0.0	1.11968917429e-05	0.0	0.0	0.0	0.0	0.0	0.0	0.0	1.41230969127e-05	0.0	0.0	0.0
D_0__Bacteria;D_1__Omnitrophica;D_2__uncultured Omnitrophica bacterium	0.0	0.0	0.0	9.14980053435e-06	4.97701173579e-06	1.44208583295e-05	0.0	0.0	0.0	0.0	0.0	0.0	0.0	0.0	0.0	0.0	0.0	0.0	0.0	0.0	0.0	1.32220040592e-05	0.0	0.0	0.0	0.0	0.0	0.0	0.0
D_0__Bacteria;D_1__Omnitrophica;D_2__uncultured Verrucomicrobia bacterium	0.0	0.0	0.0	0.0	2.21200521591e-06	0.0	0.0	0.0	0.0	0.0	0.0	0.0	0.0	0.0	0.0	0.0	6.98543536726e-06	0.0	0.0	0.0	0.0	0.0	0.0	0.0	0.0	0.0	0.0	0.0	0.0
D_0__Bacteria;D_1__Omnitrophica;D_2__uncultured bacterium	0.00034700383873	0.000218218518569	0.000241600678454	9.14980053435e-05	7.68671812528e-05	0.000100946008306	0.000130020225368	5.63176314413e-05	4.17684773302e-05	0.000308413006693	0.00020448932723	0.000250979431929	0.00010378904136	0.000120183212631	0.00023951235285	8.77916022455e-05	4.19126122036e-05	0.000582238370628	0.000127349600122	0.000111006271854	0.000129727626038	0.000383438117716	5.51823085519e-05	0.00031345946728	0.000189722229409	0.000296585035167	0.00118657647333	2.56561561947e-05	0.000305166024849
D_0__Bacteria;D_1__Omnitrophica;Other	6.50632197619e-05	0.0	9.8612521818e-06	0.0	6.08301434375e-06	0.0	7.2233458538e-06	0.0	0.0	1.66709733348e-05	0.0	1.83643486778e-05	7.41350295428e-06	0.0	0.0	0.0	0.0	6.15829045857e-05	0.0	0.0	5.4053177516e-06	7.27210223254e-05	0.0	8.03742223794e-06	8.62373770039e-06	4.23692907381e-05	0.00013184183037	0.0	0.0
D_0__Bacteria;D_1__PAUC34f;D_2__uncultured bacterium	0.0	0.0	0.0	0.0	0.0	0.0	0.0	0.0	0.0	0.0	0.0	0.0	0.0	0.0	0.0	0.0	0.0	3.35906752286e-05	0.0	0.0	0.0	0.0	0.0	0.0	1.72474754008e-05	0.0	0.0	0.0	0.0
D_0__Bacteria;D_1__Parcubacteria;D_2__Candidatus Adlerbacteria	0.0	0.0	0.0	0.0	1.10600260795e-06	0.0	0.0	0.0	0.0	0.0	0.0	0.0	0.0	0.0	0.0	0.0	0.0	0.0	0.0	0.0	0.0	0.0	0.0	0.0	0.0	0.0	0.0	0.0	0.0
D_0__Bacteria;D_1__Parcubacteria;D_2__Candidatus Azambacteria	0.000130126439524	9.5470601874e-05	2.95837565454e-05	0.000155546609084	3.15210743267e-05	1.44208583295e-05	6.50101126842e-05	4.82722555211e-05	6.26527159952e-05	0.000150038760013	3.93248706212e-05	4.28501469148e-05	0.000126029550223	7.1219681559e-05	2.3951235285e-05	6.82823573021e-05	0.00015367957808	5.59844587143e-06	1.27349600122e-05	6.34321553453e-05	0.000140538261542	0.00015866404871	0.000358685005587	6.42993779035e-05	6.89899016032e-05	5.64923876508e-05	3.04250377778e-05	5.13123123894e-05	4.3595146407e-05
D_0__Bacteria;D_1__Parcubacteria;D_2__Candidatus Campbellbacteria	0.0	0.0	0.0	0.0	1.65900391193e-06	0.0	0.0	0.0	0.0	0.0	0.0	0.0	0.0	0.0	0.0	0.0	0.0	0.0	0.0	0.0	0.0	0.0	0.0	0.0	0.0	0.0	0.0	0.0	0.0
D_0__Bacteria;D_1__Parcubacteria;D_2__Candidatus Giovannonibacteria	0.0	0.0	0.0	0.0	0.0	0.0	0.0	0.0	0.0	0.0	1.57299482485e-05	0.0	0.0	0.0	0.0	0.0	0.0	4.47875669714e-05	0.0	0.0	0.0	1.98330060887e-05	0.0	0.0	0.0	0.0	0.0	0.0	0.0
D_0__Bacteria;D_1__Parcubacteria;D_2__Candidatus Magasanikbacteria	0.000130126439524	0.0	9.8612521818e-06	9.14980053435e-06	2.21200521591e-05	0.0	7.2233458538e-06	8.04537592019e-06	1.56631789988e-05	1.66709733348e-05	2.35949223727e-05	6.12144955926e-06	0.0	1.78049203897e-05	0.0	4.87731123586e-06	1.39708707345e-05	3.35906752286e-05	1.27349600122e-05	0.0	2.7026588758e-05	0.0	2.0693365707e-05	8.03742223794e-06	0.0	4.23692907381e-05	0.0	0.0	1.4531715469e-05
D_0__Bacteria;D_1__Parcubacteria;D_2__Candidatus Moranbacteria	0.0	0.0	0.0	0.0	1.65900391193e-06	0.0	0.0	0.0	0.0	0.0	0.0	6.12144955926e-06	0.0	0.0	0.0	0.0	0.0	0.0	0.0	0.0	0.0	0.0	0.0	0.0	0.0	0.0	0.0	0.0	0.0
D_0__Bacteria;D_1__Parcubacteria;D_2__Candidatus Nomurabacteria	0.0	1.36386574106e-05	4.9306260909e-06	0.0	3.87100912784e-06	0.0	0.0	0.0	0.0	0.0	0.0	0.0	0.0	0.0	0.0	0.0	0.0	0.0	0.0	7.92901941817e-06	1.62159532548e-05	1.98330060887e-05	0.0	0.0	0.0	0.0	1.01416792593e-05	0.0	1.4531715469e-05
D_0__Bacteria;D_1__Parcubacteria;D_2__Candidatus Uhrbacteria	0.0	2.72773148211e-05	0.0	9.14980053435e-06	4.97701173579e-06	0.0	0.0	0.0	0.0	0.0	0.0	1.83643486778e-05	0.0	0.0	0.0	0.0	0.0	1.11968917429e-05	0.0	0.0	0.0	0.0	0.0	0.0	0.0	4.23692907381e-05	0.0	0.0	0.0
D_0__Bacteria;D_1__Parcubacteria;D_2__uncultured Parcubacteria group bacterium	0.0	0.0	0.0	0.0	0.0	0.0	0.0	0.0	0.0	0.0	0.0	0.0	0.0	0.0	0.0	0.0	0.0	0.0	0.0	0.0	0.0	1.32220040592e-05	0.0	0.0	0.0	0.0	0.0	0.0	0.0
D_0__Bacteria;D_1__Parcubacteria;D_2__uncultured bacterium	0.00034700383873	6.81932870528e-05	0.000128196278363	0.000118947406947	1.27190299915e-05	0.000115366866636	3.6116729269e-05	7.24083832817e-05	6.78737756615e-05	7.50193800065e-05	6.29197929939e-05	0.000177522037218	4.44810177257e-05	7.1219681559e-05	7.18537058549e-05	0.000117055469661	0.00015367957808	0.000123165809171	0.0	7.13611747635e-05	9.18904017773e-05	0.000105776032473	0.000158649137087	0.00027327235609	0.000120732327806	5.64923876508e-05	0.000162266868148	0.000282217718141	0.000130785439221
D_0__Bacteria;D_1__Parcubacteria;Other	0.0	0.0	0.0	0.0	3.87100912784e-06	0.0	0.0	0.0	0.0	0.0	0.0	1.22428991185e-05	0.0	0.0	0.0	0.0	2.09563061018e-05	1.11968917429e-05	1.27349600122e-05	0.0	2.16212710064e-05	0.0	0.0	0.0	0.0	0.0	0.0	0.0	0.0
D_0__Bacteria;D_1__Peregrinibacteria;D_2__Candidatus Peribacteria	8.67509596825e-05	5.45546296423e-05	5.42368869999e-05	8.23482048091e-05	1.49310352074e-05	8.65251499769e-05	0.000115573533661	0.000362041916409	3.65474176639e-05	0.000141703273346	0.000133704560112	4.28501469148e-05	6.67215265885e-05	8.45733718513e-05	2.3951235285e-05	0.000190215138199	0.000139708707345	0.000212740943114	5.09398400489e-05	6.34321553453e-05	7.02691307709e-05	0.000264440081183	0.000110364617104	7.23368001415e-05	6.89899016032e-05	0.000169477162952	0.000121700151111	0.000102624624779	0.000130785439221
D_0__Bacteria;D_1__Peregrinibacteria;D_2__uncultured bacterium	0.0	0.0	0.0	1.82996010687e-05	1.10600260795e-06	5.7683433318e-05	1.44466917076e-05	0.0	0.0	0.0	0.0	0.0	0.0	0.0	0.0	0.0	0.0	0.0	0.0	0.0	0.0	0.0	0.0	0.0	8.62373770039e-06	0.0	0.0	0.0	0.0
D_0__Bacteria;D_1__Peregrinibacteria;Other	0.0	0.0	0.0	1.82996010687e-05	1.49310352074e-05	0.0	1.44466917076e-05	0.0	0.0	0.0	0.0	6.12144955926e-06	2.96540118171e-05	0.0	0.0	4.38958011228e-05	0.0	0.0	0.0	7.92901941817e-06	0.0	1.32220040592e-05	0.0	8.03742223794e-06	8.62373770039e-06	4.23692907381e-05	0.0	0.0	1.4531715469e-05
D_0__Bacteria;D_1__Planctomycetes;D_2__028H05-P-BN-P5	0.0	0.0	0.0	0.0	6.08301434375e-06	1.44208583295e-05	0.0	0.0	0.0	0.0	0.0	0.0	0.0	0.0	0.0	4.87731123586e-06	0.0	1.11968917429e-05	5.09398400489e-05	0.0	0.0	0.0	6.89778856898e-06	0.0	0.0	0.0	1.01416792593e-05	0.0	0.0
D_0__Bacteria;D_1__Planctomycetes;D_2__BD7-11	0.000108438699603	4.09159722317e-05	4.9306260909e-05	3.65992021374e-05	0.000121660286875	0.000302838024919	0.000130020225368	0.000249406653526	3.65474176639e-05	4.16774333369e-05	0.000283139068472	7.34573947111e-05	0.000556012721571	0.000320488567015	5.98780882124e-05	0.000321902541567	0.000307359156159	0.000263126955957	0.000178289440171	0.000150651368945	9.72957195289e-05	0.000118998036532	0.000131057982811	0.000104486489093	0.000189722229409	0.000282461938254	0.00013184183037	5.13123123894e-05	0.00014531715469
D_0__Bacteria;D_1__Planctomycetes;D_2__OM190	0.0033615996877	0.00443256365843	0.0113503012613	0.00299198477473	0.0120371793837	0.0124596215967	0.00881248194164	0.0123094251579	0.00214063446317	0.00622660854054	0.0127963129001	0.0052277179236	0.0261770789316	0.0109366723494	0.00682610205621	0.00804268622794	0.00168348992351	0.0110625290419	0.0111812948907	0.016571650584	0.00505397209775	0.00429715131923	0.00390414833005	0.00332749280651	0.0044584723911	0.00910939750869	0.00628784114074	0.000795340842035	0.00813776066265
D_0__Bacteria;D_1__Planctomycetes;D_2__Phycisphaerae	0.011472814418	0.00630105972368	0.00597098819608	0.0107418658273	0.00814626220889	0.0130076142132	0.00958537994799	0.0130817812462	0.0114393417288	0.00696846685394	0.0110896135152	0.00816601371205	0.0117207481707	0.00979715744446	0.00742488293834	0.0119981856402	0.0170304914254	0.0121374306493	0.00584534664561	0.00740570413657	0.00583233785398	0.0065052259971	0.00861533792266	0.0139127778939	0.00691623763572	0.00984379854815	0.00746427593481	0.00228339790133	0.00845745840296
D_0__Bacteria;D_1__Planctomycetes;D_2__Pla3 lineage	0.0	0.000122747916695	0.00043882572209	0.0	0.000377146889312	0.00155745269958	0.000462294134643	0.000329860412728	8.87580143266e-05	0.000425109820037	0.00124266591163	0.00024485798237	0.00156424912335	0.000698843125298	8.38293234974e-05	0.000663314328077	1.39708707345e-05	0.0020770234183	0.000331108960318	0.000333018815563	0.000654043447944	0.000535491164396	2.0693365707e-05	2.41122667138e-05	0.00022421718021	0.00105923226845	0.000567934038518	0.0	0.000188912301097
D_0__Bacteria;D_1__Planctomycetes;D_2__Pla4 lineage	0.00101932377627	0.000654655555707	0.00331831135918	0.00141821908282	0.000965540276744	0.00145650669128	0.000960704998555	0.0008367190957	0.000819706367604	0.00103360034676	0.00306733990845	0.000961067580803	0.00472981488483	0.00207427322541	0.00204783061686	0.000609663904483	0.000475009604974	0.00211061409353	0.000967856960929	0.00107834664087	0.00104863164381	0.00161969549725	0.000296604908466	0.000570656978894	0.000551919212825	0.00115809394684	0.00197762745555	5.13123123894e-05	0.000871902928141
D_0__Bacteria;D_1__Planctomycetes;D_2__Planctomycetacia	0.0263939794834	0.0405750057964	0.0325519934521	0.0341287559931	0.0302580193484	0.0348263728657	0.0421337763652	0.0311597409389	0.0298226928137	0.0427693820904	0.047795447753	0.0384059745348	0.03924708464	0.0383473472894	0.046728860041	0.044066507016	0.0601865111243	0.046069611076	0.0384595792369	0.0512214654414	0.0383561347654	0.0417088118046	0.0348062411191	0.0366345705605	0.035115859916	0.0332457701325	0.0381529973733	0.041511660723	0.0344256339461
D_0__Bacteria;D_1__Planctomycetes;D_2__vadinHA49	0.000563881237936	0.000368243750085	0.000182433165363	0.000548988032061	0.000266546628517	0.000173050299954	0.000758451314649	0.000144816766563	0.000407242653969	0.000341754953363	0.000251679171976	0.000232615083252	0.000437396674303	0.00100597800202	0.000299390441062	0.000214601694378	0.000880164856275	5.03860128428e-05	0.000254699200245	0.000166509407782	0.000918904017773	0.00015205304668	0.000255218177052	0.000401871111897	0.000267335868712	0.000141230969127	1.01416792593e-05	7.6968468584e-05	0.000348761171256
D_0__Bacteria;D_1__Proteobacteria;D_2__Alphaproteobacteria	0.109609837559	0.0924291812714	0.0887315471319	0.137283607217	0.0882319110508	0.093706737425	0.0871785611095	0.098483446639	0.104154919282	0.108594720303	0.0891258867758	0.128005631734	0.0804142665451	0.0941746751715	0.074093146354	0.10477927728	0.0776710558486	0.0819668460035	0.10394274362	0.0805588372886	0.0904688032086	0.0679941558742	0.163394815622	0.114677940491	0.10864184755	0.10105075841	0.0797440240155	0.154911871103	0.114713361912
D_0__Bacteria;D_1__Proteobacteria;D_2__Betaproteobacteria	0.0765794096597	0.0477080236222	0.0744080783378	0.0691175932365	0.105558547907	0.0647496538994	0.0429572377925	0.0377247676898	0.0673829960529	0.0375013545166	0.0431236531232	0.0723861410382	0.0578475635523	0.0533301877974	0.0688837526795	0.0475879257283	0.0494429115295	0.0462263675604	0.0649865009424	0.0417383582172	0.044761436301	0.0716368179925	0.0712679514948	0.0836776029192	0.0424374132236	0.0441488009491	0.0622192022555	0.130358929625	0.0776284240355
D_0__Bacteria;D_1__Proteobacteria;D_2__Deltaproteobacteria	0.0512698171724	0.0648518159872	0.0547940477482	0.0626212348571	0.0705126432688	0.08753461006	0.0658263507657	0.061185083873	0.0597706910595	0.0608490526719	0.0752756673431	0.0587169441724	0.0959752092461	0.082779526122	0.0616864064764	0.0745545795514	0.0455939366421	0.0845085404292	0.0629234374204	0.0651606815785	0.0807824737977	0.0565703443671	0.065839391891	0.0507322091659	0.0665235126208	0.0785244188346	0.0863259738548	0.0250147522898	0.0605245949284
D_0__Bacteria;D_1__Proteobacteria;D_2__Elev-16S-509	0.0	0.0	0.0	0.0	1.10600260795e-06	0.0	0.0	0.0	0.0	0.0	0.0	0.0	0.0	0.0	0.0	0.0	0.0	0.0	0.0	0.0	0.0	0.0	0.0	0.0	0.0	0.0	0.0	0.0	0.0
D_0__Bacteria;D_1__Proteobacteria;D_2__Epsilonproteobacteria	0.0	0.0	9.8612521818e-06	0.0	1.65900391193e-06	0.0	2.16700375614e-05	8.04537592019e-06	0.0	4.16774333369e-05	5.50548188696e-05	0.0	7.41350295428e-06	2.67073805846e-05	0.0	1.46319337076e-05	0.0	1.11968917429e-05	0.0	3.96450970908e-05	1.62159532548e-05	0.0	0.0	0.0	0.0	0.0	1.01416792593e-05	2.56561561947e-05	0.0
D_0__Bacteria;D_1__Proteobacteria;D_2__Gammaproteobacteria	0.0498167385977	0.0522224192251	0.0564310156104	0.0752022105918	0.0888446364957	0.0493625980618	0.0433328517769	0.0359145581077	0.0530459662093	0.0387516775167	0.0313733817816	0.0853758570029	0.0361185863933	0.0393622277516	0.0598661125948	0.041813189225	0.0267262757151	0.0335738798909	0.0744103713514	0.0427056985863	0.0483829991946	0.0323608549348	0.0883192848373	0.0496150074748	0.0441190420752	0.0358302968675	0.0619960853118	0.0742232598712	0.0844147351595
D_0__Bacteria;D_1__Proteobacteria;D_2__JTB23	0.000151814179444	1.36386574106e-05	0.000133126904454	6.40486037404e-05	5.25351238778e-05	0.0	7.2233458538e-06	8.04537592019e-06	0.0	0.0	3.14598964969e-05	4.28501469148e-05	7.41350295428e-06	4.45123009744e-06	7.18537058549e-05	2.92638674152e-05	0.0	0.0	1.27349600122e-05	3.96450970908e-05	5.4053177516e-06	3.30550101479e-05	0.000151751348518	0.0	0.0	0.0	6.08500755555e-05	0.0028734894938	0.00014531715469
D_0__Bacteria;D_1__Proteobacteria;D_2__Proteobacteria Incertae Sedis	0.0	0.0	0.0	0.0	1.10600260795e-05	0.0	0.0	0.0	0.0	0.0	0.0	0.0	0.0	0.0	0.0	0.0	0.0	0.0	2.54699200245e-05	0.0	0.0	0.0	0.0	0.0	0.0	0.0	0.0	0.0	0.0
D_0__Bacteria;D_1__Proteobacteria;D_2__SPOTSOCT00m83	4.33754798412e-05	0.0	0.0	2.7449401603e-05	5.47471290937e-05	0.0	0.0	0.0	1.56631789988e-05	4.16774333369e-05	0.0	3.67286973555e-05	0.0	0.0	0.0	0.0	6.98543536726e-06	2.23937834857e-05	0.0	0.0	1.08106355032e-05	6.61100202958e-06	0.0	2.41122667138e-05	0.0	0.0	0.0	0.000153936937168	7.26585773451e-05
D_0__Bacteria;D_1__Proteobacteria;Other	0.000130126439524	0.000190941203748	0.000138057530545	0.000192145811221	0.000801298889463	8.65251499769e-05	9.39034960994e-05	4.82722555211e-05	0.000187958147986	0.000125032300011	0.000110109637739	0.000116307541626	5.93080236342e-05	0.000111280752436	0.000251487970492	6.34050460662e-05	0.0	5.59844587143e-06	0.00011461464011	0.000126864310691	9.72957195289e-05	9.91650304437e-05	0.000110364617104	4.01871111897e-05	6.03661639028e-05	7.06154845635e-05	8.1133434074e-05	2.56561561947e-05	0.000188912301097
D_0__Bacteria;D_1__RBG-1 (Zixibacteria);Ambiguous_taxa	0.0	0.0	0.0	0.0	0.0	0.0	0.0	0.0	0.0	0.0	0.0	0.0	0.0	0.0	0.0	0.0	0.0	1.67953376143e-05	0.0	0.0	0.0	0.0	0.0	0.0	0.0	0.0	0.0	0.0	0.0
D_0__Bacteria;D_1__RBG-1 (Zixibacteria);D_2__uncultured bacterium	0.0	0.0	0.0	0.0	0.0	0.0	0.0	0.0	0.0	0.0	1.57299482485e-05	0.0	3.70675147714e-05	0.0	0.0	0.0	0.0	2.23937834857e-05	0.0	0.0	0.0	1.98330060887e-05	0.0	0.0	0.0	1.41230969127e-05	0.0	0.0	0.0
D_0__Bacteria;D_1__RsaHf231;D_2__uncultured bacterium	0.0	0.0	4.9306260909e-06	0.0	5.53001303977e-07	0.0	0.0	0.0	0.0	0.0	0.0	1.22428991185e-05	0.0	0.0	0.0	0.0	0.0	0.0	1.27349600122e-05	0.0	0.0	0.0	0.0	0.0	0.0	0.0	0.0	0.0	0.0
D_0__Bacteria;D_1__SBR1093;D_2__uncultured bacterium	0.0	4.09159722317e-05	9.8612521818e-06	0.0	0.0	0.0	0.0	0.0	0.0	0.0	7.86497412424e-06	0.0	0.0	0.0	0.0	0.0	0.0	5.59844587143e-05	0.0	7.92901941817e-06	2.16212710064e-05	1.32220040592e-05	0.0	0.0	0.0	2.82461938254e-05	0.000233258622963	0.0	2.9063430938e-05
D_0__Bacteria;D_1__SR1 (Absconditabacteria);Ambiguous_taxa	4.33754798412e-05	0.0	0.0	0.0	3.31800782386e-06	0.0	0.0	0.0	0.0	0.0	0.0	0.0	0.0	0.0	0.0	0.0	0.0	0.0	0.0	0.0	0.0	0.0	0.0	0.0	0.0	0.0	0.0	0.0	0.0
D_0__Bacteria;D_1__SR1 (Absconditabacteria);D_2__uncultured bacterium	0.0	0.0	0.0	0.0	0.0	0.0	0.0	0.0	0.0	0.0	0.0	0.0	0.0	0.0	0.0	0.0	0.0	0.0	0.0	0.0	0.0	0.0	0.0	0.0	0.0	0.0	0.0	0.0	2.9063430938e-05
D_0__Bacteria;D_1__SR1 (Absconditabacteria);D_2__uncultured candidate division SR1 bacterium	0.0	0.0	0.0	0.0	5.53001303977e-07	0.0	0.0	0.0	5.22105966627e-06	0.0	0.0	1.83643486778e-05	0.0	2.22561504872e-05	1.19756176425e-05	0.0	2.7941741469e-05	0.0	0.0	0.0	0.0	0.0	0.0	1.60748444759e-05	5.17424262024e-05	0.0	0.0	0.0	0.0
D_0__Bacteria;D_1__SR1 (Absconditabacteria);Other	0.0	0.0	0.0	2.7449401603e-05	1.32720312954e-05	0.0	0.0	0.0	0.0	0.0	0.0	0.0	0.0	0.0	0.0	0.0	0.0	0.0	0.0	0.0	0.0	1.32220040592e-05	0.0	0.0	0.0	0.0	0.0	0.0	0.0
D_0__Bacteria;D_1__Saccharibacteria;D_2__uncultured Candidatus Saccharibacteria bacterium	0.0	0.0	0.0	0.0	2.21200521591e-06	0.0	0.0	0.0	0.0	0.0	0.0	0.0	0.0	0.0	0.0	0.0	0.0	0.0	0.0	0.0	0.0	0.0	0.0	0.0	0.0	0.0	0.0	0.0	0.0
D_0__Bacteria;D_1__Saccharibacteria;D_2__uncultured bacterium	0.000412067058492	0.000163663888927	6.40981391817e-05	0.000466639827252	0.000153181361202	0.000187471158283	0.000390060676105	0.00041031417193	0.000302821460644	0.000216722653352	0.000212354301354	0.000404015670911	0.000244645597491	0.000396159478672	0.000155683029352	0.000273129429208	0.000328315462261	0.000106370471557	0.000165554480159	0.000214083524291	0.000129727626038	0.000132220040592	0.000324196062742	0.000667106045749	0.000189722229409	0.000310708132079	0.000233258622963	5.13123123894e-05	0.00058126861876
D_0__Bacteria;D_1__Saccharibacteria;D_2__uncultured soil bacterium	0.0	1.36386574106e-05	4.9306260909e-06	0.0	0.0	0.0	0.0	0.0	2.61052983313e-05	0.0	0.0	4.8971596474e-05	0.0	0.0	0.0	0.0	0.0	1.11968917429e-05	0.0	0.0	0.0	1.32220040592e-05	4.13867314139e-05	8.03742223794e-06	0.0	0.0	0.0	0.0	0.0
D_0__Bacteria;D_1__Saccharibacteria;Other	0.00112776247587	0.000368243750085	4.9306260909e-05	0.000365992021374	2.54380599829e-05	1.44208583295e-05	5.05634209766e-05	5.63176314413e-05	0.000151410730322	2.50064600022e-05	7.86497412424e-06	6.12144955926e-05	2.96540118171e-05	2.22561504872e-05	0.000215561117565	1.46319337076e-05	3.49271768363e-05	5.59844587143e-06	0.000127349600122	0.0	2.16212710064e-05	0.0	5.51823085519e-05	0.000200935555948	0.0	0.0	0.000324533736296	0.000102624624779	0.00014531715469
D_0__Bacteria;D_1__Spirochaetae;D_2__Spirochaetes	0.0	0.0	3.94450087272e-05	0.000155546609084	2.10140495511e-05	0.000158629441624	0.0	4.02268796009e-05	7.8315894994e-05	1.66709733348e-05	7.86497412424e-06	3.06072477963e-05	0.000237232094537	0.000151341823313	1.19756176425e-05	9.26689134814e-05	2.09563061018e-05	3.91891211e-05	0.0	7.92901941817e-06	5.94584952676e-05	1.32220040592e-05	1.3795577138e-05	3.21496889518e-05	2.58712131012e-05	0.0	0.0	2.56561561947e-05	0.0
D_0__Bacteria;D_1__Synergistetes;D_2__Synergistia	0.0	0.0	0.0	0.0	1.10600260795e-06	0.0	0.0	0.0	0.0	0.0	0.0	0.0	0.0	0.0	0.0	0.0	0.0	0.0	0.0	0.0	0.0	0.0	0.0	0.0	0.0	0.0	0.0	0.0	0.0
D_0__Bacteria;D_1__TM6 (Dependentiae);Ambiguous_taxa	0.000477130278254	0.000395521064906	0.000290906939363	0.000658785638473	0.000345072813682	0.000475888324873	0.000375613984398	6.43630073615e-05	0.000485558548963	5.00129200043e-05	0.000275274094348	0.000281586679726	0.000400329159531	9.79270621436e-05	8.38293234974e-05	0.000126810092132	0.000104781530509	5.59844587143e-05	0.000331108960318	0.000111006271854	0.0001675648503	0.00047599214613	0.000379378371294	0.000208972978186	0.000819255081537	0.000663785554896	0.000263683660741	7.6968468584e-05	0.00029063430938
D_0__Bacteria;D_1__TM6 (Dependentiae);D_2__uncultured Acidobacteria bacterium	0.0	0.0	0.0	0.0	0.0	0.0	0.0	0.0	0.0	0.0	0.0	0.0	0.0	0.0	0.0	4.87731123586e-06	0.0	0.0	0.0	1.58580388363e-05	0.0	0.0	0.0	0.0	0.0	0.0	0.0	0.0	0.0
D_0__Bacteria;D_1__TM6 (Dependentiae);D_2__uncultured Candidatus Dependentiae bacterium	4.33754798412e-05	0.0	9.8612521818e-06	0.0	0.0	0.0	3.6116729269e-05	8.04537592019e-06	5.22105966627e-06	0.0	0.0	0.0	0.0	1.78049203897e-05	0.0	1.46319337076e-05	2.7941741469e-05	1.67953376143e-05	0.0	3.17160776727e-05	5.4053177516e-06	6.61100202958e-06	0.0	4.01871111897e-05	0.0	0.0	3.04250377778e-05	0.0	1.4531715469e-05
D_0__Bacteria;D_1__TM6 (Dependentiae);D_2__uncultured Nautiliales bacterium	0.0	0.0	0.0	0.0	0.0	0.0	0.0	0.0	5.22105966627e-06	8.33548666739e-06	2.35949223727e-05	0.0	0.0	0.0	1.19756176425e-05	0.0	0.0	0.0	0.0	7.92901941817e-06	0.0	1.98330060887e-05	0.0	0.0	0.0	0.0	2.02833585185e-05	0.0	0.0
D_0__Bacteria;D_1__TM6 (Dependentiae);D_2__uncultured bacterium	0.00112776247587	0.000886512731687	0.000848067687635	0.00109797606412	0.000822865940318	0.00207660359945	0.000975151690263	0.000530994810733	0.00154543366122	0.000491793713376	0.00103031161027	0.00111410381978	0.00057083972748	0.000583111142764	0.00101792749961	0.0010876404056	0.00118752401243	0.0014891866018	0.000764097600734	0.00123692702923	0.000945930606531	0.00122303537547	0.00152441127375	0.00222636595991	0.000888244983141	0.00129932491597	0.000638925793333	0.00220642943274	0.00074111748892
D_0__Bacteria;D_1__TM6 (Dependentiae);D_2__uncultured deep-sea bacterium	0.0	0.0	0.0	0.0	0.0	0.0	0.0	0.0	0.0	0.0	0.0	0.0	0.0	0.0	0.0	4.87731123586e-05	0.0	0.0	0.0	0.0	0.0	0.0	0.0	0.0	0.0	0.0	0.0	0.0	0.0
D_0__Bacteria;D_1__TM6 (Dependentiae);D_2__uncultured organism	0.0	4.09159722317e-05	9.8612521818e-06	0.0	5.53001303977e-07	0.0	0.0	0.0	0.0	0.0	3.14598964969e-05	0.0	7.41350295428e-06	4.45123009744e-06	0.0	0.0	0.0	5.59844587143e-06	0.0	0.0	5.4053177516e-06	2.64440081183e-05	0.0	8.03742223794e-06	0.0	0.0	2.02833585185e-05	0.0	2.9063430938e-05
D_0__Bacteria;D_1__TM6 (Dependentiae);D_2__uncultured proteobacterium	0.0	0.0	0.0	0.0	1.10600260795e-06	0.0	0.0	0.0	0.0	0.0	0.0	0.0	0.0	0.0	0.0	0.0	0.0	0.0	0.0	0.0	0.0	0.0	0.0	0.0	0.0	0.0	0.0	0.0	0.0
D_0__Bacteria;D_1__TM6 (Dependentiae);Other	0.0	5.45546296423e-05	4.9306260909e-05	6.40486037404e-05	2.21200521591e-05	2.8841716659e-05	7.94568043918e-05	0.0	5.7431656329e-05	1.66709733348e-05	0.000251679171976	2.4485798237e-05	4.44810177257e-05	3.11586106821e-05	4.79024705699e-05	0.000160951270783	8.38252244071e-05	0.000145559592657	6.36748000611e-05	8.72192135999e-05	3.24319065096e-05	4.6277014207e-05	0.000186240291363	4.01871111897e-05	0.000137979803206	5.64923876508e-05	5.07083962963e-05	0.000102624624779	8.71902928141e-05
D_0__Bacteria;D_1__Tectomicrobia;D_2__Tectomicrobia Incertae Sedis	6.50632197619e-05	0.000340966435264	6.90287652726e-05	2.7449401603e-05	0.000158158372937	0.000129787724965	9.39034960994e-05	0.000136771390643	0.000240168744648	0.00022505814002	0.000117974611864	7.95788442703e-05	5.93080236342e-05	6.67684514616e-05	0.00014370741171	0.000321902541567	0.0	0.000324709860543	0.000178289440171	0.000166509407782	7.56744485225e-05	0.000211552064946	2.75911542759e-05	8.03742223794e-06	1.72474754008e-05	7.06154845635e-05	0.000324533736296	5.13123123894e-05	7.26585773451e-05
D_0__Bacteria;D_1__Tectomicrobia;D_2__uncultured bacterium	4.33754798412e-05	0.00552365625128	0.00348595264627	0.000155546609084	0.00376483287748	0.0107579603138	0.00939757295579	0.00803733054427	0.00205709750851	0.00801873817403	0.00782564925361	0.0039360920666	0.00746539747496	0.00585336757813	0.00396392943966	0.00973511322678	9.77960951416e-05	0.00924303413372	0.00536141816515	0.00682688571904	0.00390804473441	0.00405254424413	0.0010001793425	7.23368001415e-05	0.00386343448978	0.00865745840748	0.00500998955407	0.000410498499115	0.00207803531207
D_0__Bacteria;D_1__Tenericutes;D_2__Mollicutes	0.0	0.000436437037138	0.000192294417545	3.65992021374e-05	6.85721616932e-05	5.7683433318e-05	0.00113406529905	1.60907518404e-05	6.26527159952e-05	0.0	7.86497412424e-06	6.73359451518e-05	0.0	8.90246019487e-06	9.58049411398e-05	0.0	7.68397890399e-05	0.0	0.0021904131221	3.96450970908e-05	1.62159532548e-05	5.28880162366e-05	0.000282809331328	8.03742223794e-06	0.000103484852405	1.41230969127e-05	5.07083962963e-05	0.0	1.4531715469e-05
D_0__Bacteria;D_1__Verrucomicrobia;D_2__OPB35 soil group	0.0323147324817	0.0394839132036	0.0395830662578	0.0272389561908	0.0385751589602	0.0380854868482	0.0419820861023	0.0160746610885	0.0419773197168	0.0225641624086	0.0351642993095	0.0289605778648	0.059997479409	0.0386233235555	0.0422978815132	0.0252254537119	0.0386783556285	0.0243140504196	0.0226682288218	0.0455680745962	0.0255995848716	0.0372926624488	0.0161270296743	0.0530710990371	0.0306660112626	0.0272575770415	0.025232497997	0.0228339790133	0.0304730073385
D_0__Bacteria;D_1__Verrucomicrobia;D_2__Opitutae	0.0096727320046	0.00681932870528	0.00351060577672	0.00729239102588	0.00978093406344	0.00253807106599	0.00569921987865	0.00203548010781	0.0108336988075	0.0042677691737	0.00400327182924	0.0108227228208	0.00289867965512	0.00472720636348	0.00898171323186	0.00259960688871	0.00792148370647	0.00108609849906	0.0051067189649	0.00573268103934	0.0068917801333	0.00456820240244	0.00758066963731	0.00975743059686	0.00422563147319	0.00170889472644	0.00327576240074	0.0135464504708	0.00717866744169
D_0__Bacteria;D_1__Verrucomicrobia;D_2__S-BQ2-57 soil group	0.000303628358889	0.000327327777854	0.000305698817636	8.23482048091e-05	0.000106176250364	0.000259575449931	0.000520080901474	0.000370087292329	0.000328926758975	0.000233393626687	0.000235949223727	0.000299951028404	0.000385502153623	0.000275976266041	0.000215561117565	0.000273129429208	0.00181621319549	0.000408686548614	0.000165554480159	0.000277515679636	0.000108106355032	0.000760265233401	0.000248320388483	0.00135832435821	0.000388068196518	0.000437816004293	0.000314392057037	0.000179593093363	0.000130785439221
D_0__Bacteria;D_1__Verrucomicrobia;D_2__Spartobacteria	0.0644559630441	0.0681523710806	0.0585462542034	0.0956886139882	0.0417538104555	0.0416907014305	0.143672349032	0.0435978921115	0.109751895245	0.0643916345056	0.0551649285074	0.0722759549461	0.0504414741009	0.114534601637	0.0632552123876	0.0726085323683	0.120526701827	0.0609054926352	0.0527736742907	0.105130868465	0.0633395134133	0.0606096666072	0.0776897926525	0.0920686717356	0.168645814469	0.0521848430924	0.0160137115504	0.0230905405752	0.0477657487466
D_0__Bacteria;D_1__Verrucomicrobia;D_2__UA11	6.50632197619e-05	8.18319444634e-05	4.43756348181e-05	0.000128097207481	0.000157605371633	2.8841716659e-05	0.000144466917076	8.04537592019e-05	3.65474176639e-05	5.00129200043e-05	7.86497412424e-06	6.73359451518e-05	2.22405088628e-05	0.00015579305341	9.58049411398e-05	1.46319337076e-05	4.19126122036e-05	1.11968917429e-05	0.000140084560134	7.92901941817e-05	0.000108106355032	5.28880162366e-05	6.89778856898e-05	1.60748444759e-05	0.000163851016307	0.0	1.01416792593e-05	2.56561561947e-05	0.000116253723752
D_0__Bacteria;D_1__Verrucomicrobia;D_2__Verrucomicrobia Incertae Sedis	6.50632197619e-05	5.45546296423e-05	1.97225043636e-05	4.57490026717e-05	0.000428576010582	0.000100946008306	0.00015169026293	0.000104589886962	0.000328926758975	0.000133367786678	0.000102244663615	0.000232615083252	0.000140856556131	0.000307134876723	4.79024705699e-05	7.80369797738e-05	0.000209563061018	0.000246331618343	0.000140084560134	0.000126864310691	9.72957195289e-05	3.96660121775e-05	4.13867314139e-05	7.23368001415e-05	4.3118688502e-05	0.000169477162952	0.000354958774074	7.6968468584e-05	5.8126861876e-05
D_0__Bacteria;D_1__Verrucomicrobia;D_2__Verrucomicrobiae	0.00206033529246	0.00430981574174	0.00258364807163	0.00449255206237	0.0108393785593	0.00457141209045	0.00850187806992	0.00378132668249	0.00382181567571	0.00354258183364	0.00288644550359	0.00392384916748	0.00389950255395	0.00482513342562	0.00793983449696	0.00297028254264	0.00261255282735	0.00172991977427	0.00715704752687	0.00671587944719	0.00879445198186	0.00329227901073	0.00332473409025	0.00168785866997	0.0043291163256	0.00248566505663	0.00220074439926	0.0062857582677	0.00460655380368
D_0__Bacteria;D_1__Verrucomicrobia;D_2__WCHB1-41	6.50632197619e-05	0.0	0.0	9.14980053435e-06	4.8111113446e-05	0.0	3.6116729269e-05	8.84991351221e-05	1.04421193325e-05	1.66709733348e-05	3.93248706212e-05	6.12144955926e-06	5.93080236342e-05	2.22561504872e-05	0.0	4.38958011228e-05	0.0	1.11968917429e-05	2.54699200245e-05	2.37870582545e-05	0.0	1.98330060887e-05	2.0693365707e-05	2.41122667138e-05	2.58712131012e-05	0.0	0.0	2.56561561947e-05	0.0
D_0__Bacteria;D_1__Verrucomicrobia;Other	0.0	0.0	0.0	0.0	1.65900391193e-06	0.0	0.0	0.0	0.0	0.0	0.0	0.0	0.0	0.0	0.0	0.0	0.0	0.0	0.0	0.0	0.0	0.0	0.0	0.0	1.72474754008e-05	0.0	0.0	0.0	0.0
D_0__Bacteria;D_1__WS1;D_2__uncultured bacterium	0.0	0.0	0.0	0.0	5.53001303977e-07	0.0	0.0	0.0	0.0	0.0	0.0	0.0	0.0	0.0	0.0	0.0	0.0	0.0	0.0	0.0	0.0	6.61100202958e-06	0.0	0.0	0.0	0.0	0.0	0.0	0.0
D_0__Bacteria;D_1__WS2;D_2__uncultured organism	2.16877399206e-05	0.0	9.8612521818e-06	0.0	0.0	0.0	0.0	0.0	0.0	0.0	0.0	0.0	0.0	0.0	0.0	0.0	0.0	0.0	0.0	0.0	0.0	0.0	6.89778856898e-06	0.0	0.0	0.0	0.0	0.0	0.0
D_0__Bacteria;D_1__WS2;Other	2.16877399206e-05	8.18319444634e-05	0.0	1.82996010687e-05	1.65900391193e-06	2.8841716659e-05	7.2233458538e-06	3.21815036808e-05	5.22105966627e-06	4.16774333369e-05	0.0	2.4485798237e-05	0.0	8.90246019487e-06	1.19756176425e-05	5.36504235945e-05	1.39708707345e-05	0.0	2.54699200245e-05	1.58580388363e-05	5.4053177516e-06	0.0	4.13867314139e-05	3.21496889518e-05	0.0	2.82461938254e-05	1.01416792593e-05	0.0	0.0
D_0__Bacteria;D_1__WWE3;Ambiguous_taxa	0.0	0.0	0.0	0.0	1.65900391193e-06	0.0	0.0	0.0	1.04421193325e-05	0.0	0.0	0.0	0.0	0.0	0.0	0.0	2.09563061018e-05	0.0	0.0	0.0	0.0	0.0	0.0	0.0	0.0	0.0	0.0	0.0	1.4531715469e-05
D_0__Bacteria;D_1__WWE3;D_2__uncultured bacterium	0.0	2.72773148211e-05	0.0	0.0	0.0	0.0	0.0	0.0	0.0	0.0	0.0	0.0	0.0	0.0	0.0	0.0	0.0	0.0	0.0	0.0	0.0	1.32220040592e-05	0.0	1.60748444759e-05	0.0	0.0	0.0	0.0	0.0
D_0__Bacteria;D_1__WWE3;Other	0.0	0.0	0.0	0.0	0.0	0.0	0.0	1.60907518404e-05	0.0	0.0	0.0	0.0	0.0	0.0	0.0	0.0	4.19126122036e-05	0.0	0.0	0.0	0.0	0.0	0.0	4.82245334276e-05	1.72474754008e-05	0.0	0.0	0.0	0.0
D_0__Bacteria;Other;Other	2.16877399206e-05	1.36386574106e-05	7.88900174544e-05	1.82996010687e-05	4.53461069261e-05	4.32625749885e-05	0.0	4.82722555211e-05	1.04421193325e-05	0.000100025840009	2.35949223727e-05	1.83643486778e-05	1.48270059086e-05	1.33536902923e-05	0.0	3.4141178651e-05	0.0	5.59844587143e-06	0.0	0.0	2.16212710064e-05	1.98330060887e-05	6.89778856898e-06	8.03742223794e-06	3.44949508016e-05	5.64923876508e-05	3.04250377778e-05	2.56561561947e-05	1.4531715469e-05
Unassigned;Other;Other	0.00743889479277	0.00394157199165	0.00469395603854	0.00536178311313	0.0100507986998	0.00380710659898	0.00490465183473	0.00694315941912	0.00529937556126	0.0053680534138	0.00232016736665	0.00647649363369	0.00511531703845	0.00592903848979	0.00607163814474	0.00290200018534	0.00359051377877	0.0162466899189	0.00538688808517	0.00488427596159	0.00577828467646	0.00466075643085	0.00441458468415	0.00205758009291	0.00902905337231	0.00262689602576	0.00282952851333	0.0053108243323	0.00742570660466