	sequences per sample	iteration	515rcbc12	515rcbc23	515rcbc30	515rcbc29	515rcbc9	515rcbc35	515rcbc18	515rcbc15	515rcbc26	515rcbc25	515rcbc32	515rcbc8	515rcbc16	515rcbc36	515rcbc31	515rcbc22	515rcbc17	515rcbc24	515rcbc21	515rcbc10	515rcbc14	515rcbc19	515rcbc27	515rcbc11	515rcbc34	515rcbc37	515rcbc33	515rcbc28	515rcbc13
alpha_rarefaction_10_0.txt	10	0	1.56741	0.9911	0.94701	2.06347	1.64895	1.14621	0.75304	1.54321	0.9776	1.78742	0.82892	1.51256	1.88037	0.92714	1.32926	1.68411	1.55996	0.77595	1.67124	1.95092	1.62195	1.2654	0.40746	1.71708	1.5308	1.55519	1.62707	1.94772	1.64572
alpha_rarefaction_10_1.txt	10	1	1.82594	1.17383	2.38204	1.66525	2.35394	1.16962	2.17566	1.73944	1.3902	0.81389	1.13297	0.50267	2.0117	0.64678	1.55396	2.78693	1.71256	0.53051	1.04359	0.80516	1.89185	1.39833	1.23429	2.17903	0.48254	1.25427	1.62305	2.3791	2.04204
alpha_rarefaction_10_2.txt	10	2	0.67908	1.47698	1.23225	1.61552	2.21076	0.67652	1.19433	2.22945	1.46928	0.65024	1.18828	1.0484	1.89395	0.84282	1.4508	1.07443	1.69874	1.18911	0.69012	1.26398	1.66407	1.49713	1.98384	0.81951	1.13281	1.83202	1.52434	2.12802	1.92009
alpha_rarefaction_10_3.txt	10	3	1.52815	0.92306	1.39179	1.89596	1.00527	1.55276	1.38991	1.49082	1.68061	1.07794	1.7614	1.68394	1.02566	0.88839	0.96828	1.05944	1.61909	2.40464	1.22827	0.97532	1.61963	2.08613	1.88134	1.79869	2.32741	1.92999	1.30525	1.04723	2.4266
alpha_rarefaction_10_4.txt	10	4	2.04604	1.18542	1.69013	1.59781	2.4559	1.58343	1.86967	1.74612	1.06576	1.25122	1.85791	2.20258	1.6994	0.57888	1.09963	1.44577	1.14698	1.78933	1.25568	0.8553	1.6049	1.9018	1.45895	1.74537	1.22704	1.0587	2.17793	2.45664	1.60945
alpha_rarefaction_10_5.txt	10	5	1.21701	2.01521	1.06744	1.67434	0.99596	2.45805	1.76922	1.45953	1.73764	0.86631	0.93017	0.83409	2.03344	1.40201	1.55218	1.94436	1.51738	1.94322	1.18785	2.14776	1.60466	1.19624	1.96932	1.06708	3.07423	2.24936	1.15005	1.66162	1.46237
alpha_rarefaction_10_6.txt	10	6	1.41448	0.74854	1.15905	2.65667	2.05013	0.81211	1.49557	1.86308	1.4337	2.4962	1.18808	1.54336	2.15886	1.17855	1.54104	1.36948	1.97463	1.16379	0.88367	1.51964	1.53891	1.37064	1.02573	2.40661	2.03132	1.86713	2.41164	1.98059	1.17031
alpha_rarefaction_10_7.txt	10	7	1.76934	1.76979	0.24794	1.56185	2.21481	1.24759	1.41449	0.83852	1.82283	0.69661	2.66088	0.0	2.17098	0.73489	0.81877	1.90456	1.45475	1.72366	0.86433	1.28313	1.60027	1.56424	2.25006	1.7717	2.02552	1.85525	2.43528	1.89044	1.32891
alpha_rarefaction_10_8.txt	10	8	0.80118	1.60822	1.57189	1.59866	1.39096	2.03336	1.68882	2.40773	1.66905	1.87603	1.02229	2.39308	2.24111	1.46466	1.43485	1.18189	2.27081	1.02701	1.08233	1.21539	1.27365	0.48927	2.16033	1.82704	1.14749	1.37125	1.66505	1.19104	0.85795
alpha_rarefaction_10_9.txt	10	9	1.06558	1.54226	1.67217	1.59837	1.64291	0.98207	1.674	1.41807	1.23705	0.81518	1.68139	0.88405	2.06171	0.78767	0.83292	2.06196	2.32932	1.24599	1.76621	1.33887	1.9826	0.86578	1.13681	1.90325	0.68047	2.21137	1.18965	2.30364	1.73979
alpha_rarefaction_3509_0.txt	3509	0	35.05109	34.07384	31.36941	34.66123	33.13569	28.65636	35.50882	31.35128	31.93568	25.09004	27.75455	29.98074	31.31487	24.30032	30.40535	33.78067	32.23691	32.66643	31.38578	32.70649	34.15091	33.37919	35.14817	31.72936	32.76891	32.4931	32.23859	33.49505	32.60118
alpha_rarefaction_3509_1.txt	3509	1	33.59142	34.26122	30.76661	33.98945	33.83786	28.75578	36.17099	31.41021	30.05558	24.54104	27.12094	29.98659	30.81751	23.1029	30.06254	32.99284	32.43252	32.74782	32.24932	34.20257	34.97037	34.21427	34.52261	31.00474	31.95828	33.64375	31.0208	33.48846	33.30806
alpha_rarefaction_3509_2.txt	3509	2	33.96703	33.53017	32.29552	33.83063	32.81026	29.01763	34.84359	32.91533	30.73061	23.04027	28.63384	29.10734	30.31797	23.4192	29.17127	34.1227	33.15853	31.54435	32.26119	32.16337	34.4963	33.31546	36.36684	30.36932	32.52821	32.97004	32.3758	34.43451	32.07398
alpha_rarefaction_3509_3.txt	3509	3	33.80644	34.15229	30.89378	33.7825	32.73555	29.37433	34.3399	29.58154	32.05657	25.99464	28.32902	28.14425	30.13548	24.35496	29.49925	31.01668	34.30745	32.58482	34.33581	34.43751	33.15567	34.15928	34.14292	31.52655	32.2191	33.25483	32.09665	34.1699	33.31152
alpha_rarefaction_3509_4.txt	3509	4	33.44804	34.43319	31.11204	32.99907	33.36119	28.95333	33.24374	29.94178	29.8953	25.64995	27.92815	29.71788	31.06082	23.07125	30.07987	32.30927	30.75338	35.15313	32.58683	34.85525	34.6532	33.02052	33.53791	31.45608	31.80104	33.14177	31.12757	35.60369	33.80849
alpha_rarefaction_3509_5.txt	3509	5	32.65478	34.67604	30.86027	33.03872	32.41863	30.13879	36.97553	30.94804	29.70288	25.11656	27.1454	27.93304	31.7922	25.29318	29.51399	31.77162	33.50032	32.98613	31.93542	31.96602	33.25852	33.89435	33.30015	30.4568	31.47803	33.34397	31.20926	35.09964	34.1154
alpha_rarefaction_3509_6.txt	3509	6	33.57969	34.60872	30.0834	34.41096	32.30231	29.57161	34.10909	32.62114	32.3419	25.57178	26.82217	29.12042	30.19196	24.54086	29.31027	33.97754	33.98932	32.96511	32.04641	33.205	34.02569	33.69538	35.58509	30.69442	31.54794	33.55536	31.75599	33.63816	33.29656
alpha_rarefaction_3509_7.txt	3509	7	33.72876	34.76216	29.18206	34.29487	33.38457	29.55604	33.18534	32.63482	30.61656	25.1013	28.54029	28.34686	30.94059	24.63367	28.62047	31.77919	31.94779	32.75159	32.91565	33.23001	35.04657	33.99866	31.54372	29.98304	32.02377	31.9655	30.89861	34.90292	33.57277
alpha_rarefaction_3509_8.txt	3509	8	34.62804	34.01168	29.9536	32.5174	34.00357	29.325	34.70679	31.03646	30.0159	24.77035	27.25333	29.67847	31.94791	25.12405	29.86228	31.44752	33.25873	32.98081	31.90172	31.81101	34.52995	31.68652	32.77898	31.95089	31.66463	33.00996	31.90314	33.08904	33.2093
alpha_rarefaction_3509_9.txt	3509	9	34.43225	33.78553	30.97124	33.14543	33.116	30.47268	34.44302	31.52618	29.70381	23.63943	28.08906	28.62361	29.81234	23.79573	29.10804	30.8451	32.51804	33.51495	32.47054	32.00539	33.23938	32.82666	33.30324	29.60067	31.80344	33.95414	32.17629	33.54267	32.52824
alpha_rarefaction_7008_0.txt	7008	0	42.88926	39.87276	37.60803	40.00062	39.96628	34.96266	40.44233	37.47742	35.85528	28.30461	33.04619	35.27473	37.56719	29.88768	34.309	38.59906	38.78705	40.643	37.30792	37.69553	40.06425	39.46062	38.16473	34.87138	37.84444	40.35563	39.58308	39.18951	38.08352
alpha_rarefaction_7008_1.txt	7008	1	40.68227	39.62318	35.49122	39.61963	39.51462	33.17863	39.81681	36.90785	36.30717	28.62946	31.65124	36.18059	36.28799	30.15955	35.03452	37.75152	38.76943	39.1674	37.63144	38.27488	40.16522	39.34665	39.49085	35.64402	37.38707	37.48423	38.00588	39.56365	37.76773
alpha_rarefaction_7008_2.txt	7008	2	39.57074	39.37683	37.50587	39.68202	38.01666	37.11663	40.49759	35.6858	35.94321	29.73368	33.23765	35.07367	36.99617	29.48815	34.47112	38.23086	39.71968	40.21107	37.7536	39.08862	40.34634	38.43781	39.64409	37.19953	37.28579	37.93371	37.72214	40.6784	38.14436
alpha_rarefaction_7008_3.txt	7008	3	41.13146	39.96147	35.57912	38.14459	38.58694	36.22773	40.0813	38.3478	36.61227	29.09284	34.05244	34.48189	37.01675	29.22472	34.7905	37.25469	39.49611	38.57449	38.36138	37.98084	38.26448	40.12337	39.63585	36.29435	36.96669	38.50103	36.51115	40.04729	38.96111
alpha_rarefaction_7008_4.txt	7008	4	38.9945	39.31495	36.27096	40.25645	38.25236	36.51302	39.61568	35.92025	36.13203	29.9786	33.91017	35.12248	35.90772	29.33696	34.66382	37.66405	39.28486	39.25919	38.73638	38.76936	39.85312	38.78885	38.93448	35.33351	38.37213	39.20092	38.10197	39.38399	38.32929
alpha_rarefaction_7008_5.txt	7008	5	40.5722	37.87258	35.86718	38.87937	39.92213	35.95945	40.37819	36.14277	35.36104	30.17757	33.15736	36.13349	35.71833	30.36306	34.42977	38.04289	39.83212	38.9613	38.00056	38.67184	38.27609	39.09312	38.43618	36.21594	38.38002	39.33208	37.06159	38.98138	38.26617
alpha_rarefaction_7008_6.txt	7008	6	41.22393	39.64152	38.05939	40.35677	38.22677	33.65444	40.83663	37.98277	35.05857	28.96742	33.58465	36.20423	37.58245	29.70716	35.30432	38.49992	39.81473	39.71154	37.44487	38.24166	39.43818	39.52103	39.66065	36.87812	38.71142	39.13116	37.35957	39.43889	37.56462
alpha_rarefaction_7008_7.txt	7008	7	41.21612	40.03204	36.61231	38.72714	38.90806	34.69208	38.88953	37.51791	36.22379	29.29313	33.34429	35.08872	36.03889	30.58246	34.85766	38.24728	38.98678	39.9745	36.67385	37.43053	39.06406	38.90762	39.38174	37.49699	37.91831	40.15359	37.42367	40.63796	39.03772
alpha_rarefaction_7008_8.txt	7008	8	39.98495	39.83435	37.01387	39.71515	38.65983	35.8292	39.62544	37.41738	35.23579	29.86742	33.56259	35.34908	37.84401	30.63787	35.23631	38.69971	39.16846	40.38508	36.9507	39.45466	38.96547	39.00397	38.23937	35.95084	38.58941	38.69282	38.10677	39.02244	37.78477
alpha_rarefaction_7008_9.txt	7008	9	40.11612	40.58872	36.68465	38.64307	37.28049	34.24597	40.48247	37.23559	33.94346	29.56277	32.42871	35.57236	35.44004	31.56534	34.85149	39.36615	39.69149	37.49475	37.88419	38.97379	38.90471	39.492	39.88586	36.01373	36.96906	39.72124	36.69522	39.22048	37.87585
alpha_rarefaction_10507_0.txt	10507	0	45.10353	43.26647	38.80072	43.87455	41.23229	39.38506	44.15917	40.27613	38.04484	31.51692	35.55802	37.55164	40.15069	34.2645	37.52988	42.33653	43.02457	43.2647	40.25327	42.2416	42.44451	42.65092	42.6228	39.91785	41.31677	42.43275	41.4729	43.52111	39.95142
alpha_rarefaction_10507_1.txt	10507	1	46.31709	42.29451	39.88974	44.01242	42.05728	39.11559	42.83939	40.39308	38.48462	31.76588	35.80301	37.78982	39.79447	32.68209	40.32358	41.14497	43.1056	42.26564	41.43712	41.87984	42.19599	43.40472	42.04766	39.01508	41.45589	42.64233	39.65777	42.99544	41.43586
alpha_rarefaction_10507_2.txt	10507	2	44.36317	42.93729	41.49175	43.10538	41.02919	39.49699	42.41265	40.11804	39.2837	33.06763	35.61357	38.34195	40.12993	31.87813	39.71842	40.17068	43.93166	42.02116	40.77696	43.04346	41.45236	42.7312	42.43786	40.22539	41.85004	41.50207	41.15997	43.51392	42.43854
alpha_rarefaction_10507_3.txt	10507	3	43.64644	42.57226	39.60594	41.69351	42.3535	40.14502	43.90418	40.76859	40.19211	31.57006	37.51072	38.13134	40.27035	32.11306	38.44418	41.8488	42.77954	42.66601	40.81527	42.41315	42.00844	41.38875	43.17522	40.1047	41.53758	43.00002	39.45091	44.38709	42.33358
alpha_rarefaction_10507_4.txt	10507	4	44.50625	42.32321	38.81425	41.88949	42.68594	38.15965	43.3161	40.62037	37.98265	32.06554	35.42703	38.13686	40.22182	32.9496	39.25766	40.18418	42.46913	42.28523	40.07663	42.21169	42.02433	42.64917	42.93711	38.95514	39.33754	41.30126	40.70107	42.47314	41.60544
alpha_rarefaction_10507_5.txt	10507	5	46.07525	42.25629	38.88807	43.15681	41.58769	38.98745	42.3405	39.58813	38.69982	32.14511	36.89956	36.53052	38.97454	34.09308	38.17808	43.6532	41.96809	42.19282	40.46102	41.95198	41.58845	41.7846	41.62459	40.96836	41.10711	41.52933	41.08692	43.84826	42.25912
alpha_rarefaction_10507_6.txt	10507	6	45.87586	42.58857	40.49226	42.20178	42.30491	40.32187	42.93164	39.6848	41.20594	31.61997	36.00802	38.70293	40.00401	33.96117	39.71197	41.55439	41.42018	42.45755	40.40341	42.39582	43.65234	43.17262	42.96424	39.65336	42.4233	42.29383	39.54036	42.69053	41.48211
alpha_rarefaction_10507_7.txt	10507	7	44.86662	42.0093	38.21639	43.61377	41.79448	39.10559	42.87516	39.83692	38.33754	30.46454	35.4987	38.37562	40.07604	31.96981	37.42845	42.30681	43.42747	41.10874	40.49347	41.26292	42.30602	41.6306	43.14586	38.89643	41.64668	42.02781	41.52509	45.00426	40.80617
alpha_rarefaction_10507_8.txt	10507	8	43.70242	43.20878	39.03942	42.70714	42.52481	39.54352	43.60343	39.8811	39.59145	32.51759	35.20161	36.99336	39.73339	31.34764	38.4879	40.62057	42.58989	42.22302	40.11616	42.34773	42.57607	41.14396	43.00358	40.41304	41.59698	41.30691	41.93543	43.47605	40.77584
alpha_rarefaction_10507_9.txt	10507	9	44.36026	42.65727	38.59164	42.05898	41.6071	38.6237	43.42758	39.06502	38.91151	31.66222	35.43653	37.75525	40.29118	33.27758	38.65158	41.73531	43.27333	42.56499	41.75727	41.13313	41.78935	42.21587	43.19124	39.25529	40.7187	43.66511	40.77852	43.8168	41.23596
alpha_rarefaction_14006_0.txt	14006	0	47.81691	44.90488	42.29469	45.8963	44.35969	41.90294	45.31761	42.74924	40.98726	33.95113	37.93061	39.5274	42.23614	35.2334	41.56828	43.5574	45.52161	45.3622	42.90545	44.00038	43.70355	44.01527	44.84615	41.52401	42.9198	43.9285	41.91254	45.81713	43.80456
alpha_rarefaction_14006_1.txt	14006	1	47.93724	44.18519	42.21895	45.68228	42.84613	41.73699	44.62755	43.49911	39.96567	35.37157	38.48313	40.68188	41.56069	35.16646	41.29476	42.83632	45.30196	44.82314	43.14233	44.89664	45.44542	44.5243	44.2599	41.89003	42.79696	44.35483	42.82869	44.68929	43.32016
alpha_rarefaction_14006_2.txt	14006	2	47.0362	43.85093	42.25254	46.26255	43.16519	41.47855	46.27835	42.49482	40.77328	34.22951	38.63868	39.45129	41.31088	34.86268	39.71849	42.93367	44.44205	43.73375	42.51754	45.4402	43.92603	45.46643	45.00842	40.63006	43.34628	44.22506	43.57943	45.87651	44.19396
alpha_rarefaction_14006_3.txt	14006	3	47.02816	44.03313	41.98502	46.26358	43.68244	40.56891	44.45667	42.8071	40.51137	33.33343	37.00007	40.21666	40.99695	36.33633	40.84572	42.92596	45.40207	45.87535	42.06443	43.08565	44.43634	44.36016	44.4895	43.60281	43.95766	45.9167	43.55418	45.62617	44.00825
alpha_rarefaction_14006_4.txt	14006	4	45.9118	44.59159	41.79144	44.78834	43.79893	41.25873	45.35076	43.60819	39.94992	34.08386	39.96807	39.60996	41.37732	35.91405	40.92384	43.08806	45.12666	43.94944	43.65978	44.41297	43.74808	44.22346	44.5592	40.97137	44.47506	44.84214	43.5754	45.77929	43.60126
alpha_rarefaction_14006_5.txt	14006	5	45.52362	44.8323	42.65375	44.86319	43.38106	41.56902	44.42324	42.86018	40.46697	34.50985	37.54476	40.67723	42.20804	36.1596	40.05224	42.77025	44.11931	44.12335	42.99299	43.94179	43.88219	44.76514	44.38997	42.04083	43.30816	43.55925	43.06531	45.8171	43.21459
alpha_rarefaction_14006_6.txt	14006	6	46.88238	43.85778	43.42061	44.87469	43.38063	42.80294	46.62712	43.3921	41.13986	34.02998	38.66662	39.08964	42.77982	34.3317	39.36294	44.0428	43.84952	44.38575	42.05268	44.7997	42.70381	44.51397	44.76308	41.80477	44.35233	44.0996	42.52989	46.52164	43.58299
alpha_rarefaction_14006_7.txt	14006	7	46.664	44.17538	42.12343	45.10001	43.47278	40.76625	43.57319	41.73166	40.84061	32.98488	37.90623	39.92083	41.258	36.11739	42.00902	43.6829	45.22728	44.31448	43.73198	45.71447	44.47008	43.50546	44.64945	42.77637	43.47997	44.85511	43.31091	45.30161	43.71713
alpha_rarefaction_14006_8.txt	14006	8	46.07004	45.93629	42.25193	44.61006	42.93294	40.86306	45.8613	42.69121	42.00317	35.04761	37.54665	39.81655	43.44994	35.87794	40.65848	44.10748	46.23705	43.97655	43.84847	43.89165	44.77559	43.10187	42.33272	42.96429	43.25621	43.80698	42.84042	43.85388	43.14929
alpha_rarefaction_14006_9.txt	14006	9	46.0837	45.16443	42.76274	46.50797	44.49314	41.65412	44.96785	42.78893	40.92301	33.45671	38.42954	40.82583	42.32619	36.12224	40.27356	43.57562	45.6464	44.25214	43.23738	43.61757	43.71035	42.86693	44.2437	43.17587	44.21684	44.32091	41.4827	45.32113	42.99781
alpha_rarefaction_17505_0.txt	17505	0	48.2269	46.20448	43.269	46.96822	45.45743	43.97088	46.41255	44.90867	42.86689	35.23482	39.10514	42.41763	43.4695	38.00159	42.67036	45.02269	47.04502	46.19994	43.55702	45.93973	45.14731	46.42631	45.0684	43.1073	44.56681	45.76507	45.03306	47.76514	45.35442
alpha_rarefaction_17505_1.txt	17505	1	48.87031	46.58879	43.92423	46.97068	46.70523	44.28357	46.19625	43.80378	42.54356	34.94894	40.0482	42.08466	43.62466	36.36985	43.23999	44.47436	46.29919	45.10383	43.51734	45.72894	44.65604	46.26379	46.98159	43.47339	44.93559	46.99695	45.55355	47.07981	43.96178
alpha_rarefaction_17505_2.txt	17505	2	48.93944	46.52815	43.39249	46.31458	44.84554	43.1138	46.14208	44.42471	41.34154	36.04954	38.96665	41.4936	43.64096	38.18283	43.54405	45.97865	47.15586	47.01643	44.2607	46.04769	45.85516	45.38505	45.96686	43.0554	45.8103	45.34911	45.19907	46.23556	45.20103
alpha_rarefaction_17505_3.txt	17505	3	48.21705	46.2197	43.54912	47.07542	44.98516	44.02411	45.96936	43.43895	42.72747	35.43183	39.04568	42.20087	43.18913	38.61449	42.6194	44.20986	46.86846	44.98673	44.61176	47.2275	46.97787	46.63274	45.2865	43.4084	44.3375	45.83077	43.99812	47.27165	45.30332
alpha_rarefaction_17505_4.txt	17505	4	49.36052	46.07289	44.59068	46.26962	44.24307	42.82341	46.45536	44.41079	41.80522	34.28463	40.06387	42.82899	44.01763	36.79805	42.10691	45.58451	46.96864	44.27801	44.37487	45.1543	46.19786	46.73507	45.78539	42.72293	44.98249	46.72501	43.77063	46.23916	45.87078
alpha_rarefaction_17505_5.txt	17505	5	49.98871	45.11685	44.02133	47.16369	43.81948	43.47285	47.38362	45.32446	43.58597	34.76198	38.53224	41.46475	42.86845	38.13788	42.66117	43.95585	47.51508	46.37684	44.2052	46.7564	45.73965	45.67867	45.63342	43.56408	45.3036	47.10562	46.08532	45.74969	44.20507
alpha_rarefaction_17505_6.txt	17505	6	48.71777	45.65891	44.2552	46.64075	46.22693	43.13195	47.77359	45.61573	43.80212	35.88631	37.94625	42.17548	43.39292	37.59064	43.42419	46.06804	47.48037	46.68377	43.36984	45.34663	46.09828	45.0847	45.23073	44.78661	44.43389	45.28421	44.66669	46.07683	44.62821
alpha_rarefaction_17505_7.txt	17505	7	49.65062	46.65779	42.95644	47.57368	44.67408	44.27362	46.97409	44.50932	42.97908	35.36871	39.58998	41.24489	42.47454	38.83363	42.23505	44.71933	47.92816	45.52551	45.13187	46.13369	45.22825	46.79738	45.52786	45.36105	45.09016	47.31848	45.65051	47.07291	45.76455
alpha_rarefaction_17505_8.txt	17505	8	48.25205	46.57139	43.58862	46.39858	45.17425	43.15899	47.06364	44.52785	42.94435	36.14132	39.97207	40.50396	43.19506	37.86513	40.84412	44.0648	47.60623	45.93932	45.66436	45.46845	45.85618	46.43429	45.79247	44.31055	44.26819	47.6462	44.24493	45.39259	44.19463
alpha_rarefaction_17505_9.txt	17505	9	49.15877	45.52117	40.67134	47.76224	45.57559	42.87688	46.41671	44.35035	41.92307	33.79806	38.80596	42.36875	45.19966	37.68434	42.88289	46.60243	46.34713	46.569	45.07352	45.82228	46.0427	45.25544	45.76565	44.03248	44.59103	45.73868	44.44432	47.54477	44.49676
alpha_rarefaction_21004_0.txt	21004	0	49.94814	46.78066	44.64056	47.06517	47.33831	44.02311	47.19013	45.79529	43.79346	36.7094	40.68057	44.00014	44.93574	38.99843	45.49699	46.66361	48.59268	46.8669	45.05525	46.74702	46.55942	48.04759	47.26597	46.22009	47.38752	47.33502	46.28863	49.38739	46.35547
alpha_rarefaction_21004_1.txt	21004	1	50.90151	46.35389	44.73764	47.94571	47.01728	44.44973	47.58656	45.57987	44.90919	35.65884	41.7151	42.83235	44.55405	39.2756	44.22473	45.71176	47.98685	48.16267	45.66247	47.52349	47.61417	46.70156	45.76669	44.62705	45.89759	47.28768	46.34574	48.38103	45.57953
alpha_rarefaction_21004_2.txt	21004	2	50.72279	47.09553	45.58953	47.61659	47.52609	44.7717	48.79664	46.40997	42.95292	36.52198	40.78453	43.32651	44.02007	38.74309	44.99479	46.37002	48.48697	46.90345	47.49339	47.31353	46.9864	45.90585	47.56821	44.90527	46.49071	47.56526	45.02634	47.77654	46.49103
alpha_rarefaction_21004_3.txt	21004	3	49.85689	47.29469	45.51966	47.30791	48.01892	44.27952	48.35385	46.8463	42.99358	37.40105	39.71973	43.13752	44.72859	38.56466	43.87304	45.66293	48.1174	47.30086	45.61562	47.61067	47.624	47.50362	46.55441	45.41342	46.65008	46.52492	44.76562	48.07237	45.83042
alpha_rarefaction_21004_4.txt	21004	4	50.2147	47.61145	44.95371	49.91972	46.5921	43.6842	47.17636	45.10592	43.00943	35.96873	40.01156	42.32492	44.50164	38.86196	43.65929	47.05155	48.86856	48.79959	44.23444	46.44024	46.98814	46.81726	47.20532	44.56164	46.71971	47.6073	46.68324	48.22813	46.41604
alpha_rarefaction_21004_5.txt	21004	5	50.34785	46.91483	44.75794	47.3128	46.61218	44.27765	47.08517	46.5075	44.43549	36.2101	40.14975	43.07353	45.29056	39.16841	44.39453	45.16224	48.02496	46.36348	45.02118	46.31669	46.34714	47.26288	47.29372	44.82091	46.07428	46.77711	45.93488	48.30016	44.4454
alpha_rarefaction_21004_6.txt	21004	6	50.97901	47.99174	44.76299	47.48024	47.20966	44.17444	46.96828	46.79626	43.01656	37.97656	40.81388	42.58934	44.96313	39.22015	43.95942	47.36699	48.24957	46.74019	45.42605	47.77824	45.97322	47.51338	48.34965	44.46327	47.06663	46.84116	45.87677	48.12102	46.49209
alpha_rarefaction_21004_7.txt	21004	7	50.16184	47.6421	45.75037	48.48701	45.74681	45.41559	48.55666	46.06958	44.31477	35.6568	41.2828	41.56846	44.59853	38.83143	44.08528	46.61627	48.34155	47.13483	44.9516	46.32621	46.64411	46.24502	47.4448	45.43122	46.41844	47.44328	46.26699	46.8286	46.6313
alpha_rarefaction_21004_8.txt	21004	8	49.36027	47.56736	45.41528	47.84796	45.98594	45.16161	48.06699	46.67134	44.98159	36.59804	40.60489	41.94053	44.45486	38.21922	43.4807	46.68698	48.63023	47.60853	46.69058	47.39542	47.21941	48.0448	47.80225	44.84806	47.47098	48.72766	46.12393	47.19289	45.936
alpha_rarefaction_21004_9.txt	21004	9	51.31194	46.86794	44.66398	47.5623	45.8995	45.44697	47.6699	47.1125	44.35972	36.25182	41.20931	42.74507	44.09883	38.96828	43.98624	45.68327	48.6147	47.24901	46.9653	47.77032	46.74479	46.78757	47.1328	45.23856	45.43917	48.61025	44.44521	47.14142	46.4931
alpha_rarefaction_24503_0.txt	24503	0	52.43294	47.69967	45.46143	49.61582	48.21161	45.81251	47.55841	46.55672	45.34873	38.40671	40.96864	43.247	45.89187	39.41234	45.98193	47.22802	48.73883	47.99789	45.84093	47.50488	47.51176	48.06405	48.10392	45.64728	47.07521	48.55028	46.64242	49.5657	46.60944
alpha_rarefaction_24503_1.txt	24503	1	51.23294	47.88517	45.63851	49.17606	47.73667	45.61654	49.56832	47.22603	44.92614	38.35843	41.14531	43.78803	45.57395	40.13426	44.50499	47.80486	50.06323	47.94301	46.18854	47.61592	47.32518	48.5476	47.44688	46.32101	46.52334	48.55973	47.45287	49.17421	46.89187
alpha_rarefaction_24503_2.txt	24503	2	50.85552	48.36478	46.78096	50.37869	47.40698	46.24279	48.20528	47.81127	44.99996	38.68704	41.8532	44.61942	46.45301	39.77359	44.75753	48.6026	49.19014	49.98682	45.87998	48.34305	48.23994	48.24072	47.66858	46.12049	47.95271	48.74061	48.39325	48.97348	47.89727
alpha_rarefaction_24503_3.txt	24503	3	51.40586	48.86179	45.71705	48.83388	47.91209	45.96645	48.39467	46.42736	46.31679	37.51193	42.01202	43.80719	45.62782	41.3991	44.97334	47.45896	49.61133	47.69482	47.01777	49.03542	47.28994	47.6497	47.39828	45.98148	47.94214	48.97165	47.31006	48.42339	46.32939
alpha_rarefaction_24503_4.txt	24503	4	51.92169	48.43637	45.69249	49.91588	48.34902	45.34418	48.67148	46.48812	45.66813	36.55775	41.66323	44.51556	45.5223	39.6465	45.08049	47.39305	48.64473	47.60236	46.5827	48.06716	47.91792	47.63616	48.00031	45.96444	47.73845	48.07638	47.28938	47.89884	46.99838
alpha_rarefaction_24503_5.txt	24503	5	51.84883	48.26939	46.86665	49.45189	46.71817	46.70813	49.08401	48.10041	45.63928	37.05376	41.61284	44.44901	47.10509	40.02414	43.79738	47.0474	49.47649	49.1768	45.18304	48.69927	48.16623	48.59245	47.81724	46.5912	46.61641	47.76883	47.02406	49.3895	46.77962
alpha_rarefaction_24503_6.txt	24503	6	51.24303	48.39201	46.70002	49.33719	48.29621	46.31844	48.1896	47.69585	44.85005	38.93125	40.43749	44.32535	45.55828	41.03989	43.67308	47.69022	49.41102	48.9705	46.76389	48.68755	46.42628	48.64027	47.95888	47.1457	47.63572	49.24756	48.07995	49.18748	47.91557
alpha_rarefaction_24503_7.txt	24503	7	52.95173	47.7881	46.39631	49.06892	47.25895	44.98356	48.84077	47.48479	45.82108	37.41639	41.15122	44.40382	46.7221	39.76122	45.68015	46.18282	49.41249	46.85875	46.71638	48.42044	48.93746	48.56725	48.11752	47.17629	47.27377	48.80109	46.67652	49.12	47.6775
alpha_rarefaction_24503_8.txt	24503	8	51.5021	48.12142	46.04301	49.57859	47.53503	46.00115	48.99307	46.68448	44.18112	38.26168	42.16068	44.56646	44.9744	41.14855	45.12684	47.08117	48.98121	49.07577	47.19813	48.95248	47.4546	48.1545	47.82709	46.15322	47.72339	50.13692	47.47447	47.79568	47.39977
alpha_rarefaction_24503_9.txt	24503	9	51.37626	48.32015	46.81493	49.65877	47.85937	45.06427	48.73138	46.88292	44.668	36.33933	42.26684	43.76475	46.01474	41.1553	45.22933	48.45026	49.00411	48.94691	46.45792	48.84823	47.60742	48.23999	47.45794	46.3633	47.46788	49.011	46.87037	49.1329	46.81766
alpha_rarefaction_28002_0.txt	28002	0	53.37955	49.50784	46.82522	50.7415	48.77354	47.29838	49.93947	47.26305	46.76009	38.08986	42.78751	44.73429	45.59355	41.19893	46.27639	47.94253	51.22671	49.03817	47.18138	49.14521	48.02271	49.00988	48.48815	48.51768	48.36642	49.58213	47.29745	50.51901	48.22926
alpha_rarefaction_28002_1.txt	28002	1	52.92294	49.20228	47.17344	48.4362	48.55106	45.76291	49.29564	47.26698	45.80928	37.24045	43.00373	45.11578	46.30977	41.23251	47.01976	48.24752	50.49672	49.91394	48.09497	49.66753	49.04481	47.87634	48.52592	46.18612	48.63705	49.53509	48.44036	48.89227	48.21684
alpha_rarefaction_28002_2.txt	28002	2	52.52889	49.84109	48.05243	49.58414	48.4926	46.73462	49.72491	47.51012	46.01271	38.39447	42.37004	45.33003	46.02768	41.18934	47.5262	48.29131	51.61478	49.93167	47.37825	50.07318	48.45998	48.33626	48.68009	47.82165	47.69979	48.64209	47.89555	49.47358	47.05845
alpha_rarefaction_28002_3.txt	28002	3	53.0294	50.18963	48.08732	50.35441	48.74938	47.60865	49.45483	47.31293	44.88806	37.5811	42.83094	45.45946	47.12467	41.01498	47.3699	47.82003	50.68396	48.63104	46.57287	49.37155	49.04824	48.38153	48.78805	47.52262	48.67606	48.53722	46.80092	48.95736	47.94033
alpha_rarefaction_28002_4.txt	28002	4	53.75975	49.73756	46.63554	49.77879	48.374	46.81133	50.46171	48.5229	45.72923	37.93411	41.15924	44.29536	46.66468	40.90988	46.30398	47.81155	50.17009	49.60758	46.88113	48.44969	50.03051	49.57544	49.92005	47.1676	48.27146	49.40427	47.43853	49.79533	47.78538
alpha_rarefaction_28002_5.txt	28002	5	51.85478	48.54474	47.56989	51.05555	48.5027	45.97981	48.6232	48.92361	46.31876	37.91302	42.36992	45.47178	46.7812	40.98824	45.74822	48.0673	51.36322	50.41994	46.78286	49.28778	48.41462	48.56712	48.59556	46.77324	48.59718	49.68835	48.18436	50.332	47.95999
alpha_rarefaction_28002_6.txt	28002	6	51.67959	50.09673	47.50904	50.14587	48.06133	45.08129	49.20316	48.34001	45.1892	39.55146	42.89403	45.27918	45.95427	40.83306	46.00431	48.29002	50.07531	50.86904	47.19771	47.96838	49.5381	49.53347	48.85124	46.49431	48.25161	49.54375	47.67762	49.20691	47.4395
alpha_rarefaction_28002_7.txt	28002	7	53.95173	49.42512	47.77094	50.52886	48.29737	46.95625	49.61333	47.88005	46.44413	37.74122	42.18684	45.29284	46.80359	40.82787	46.60983	48.08793	49.26507	49.70679	46.45549	48.38064	48.55035	48.10351	49.18082	46.57212	48.65249	49.23938	48.6246	50.73199	48.2276
alpha_rarefaction_28002_8.txt	28002	8	52.79813	49.06819	46.51349	50.39609	48.46009	46.38861	49.64039	47.82134	45.60826	37.5322	41.62133	44.25345	46.35001	41.51685	45.97834	48.74507	51.75921	50.12061	48.24136	49.38795	49.3331	48.40465	48.76168	46.63058	47.97819	49.70607	48.03333	50.00065	48.29715
alpha_rarefaction_28002_9.txt	28002	9	53.35726	48.0338	46.71059	50.15028	47.99664	47.09185	48.94995	48.25063	46.09333	37.52417	42.66667	45.41143	47.31535	41.04105	45.40134	48.39063	50.68567	50.72791	47.0258	49.02777	49.36828	48.86996	50.14189	46.92362	47.7168	50.13787	47.94902	50.20796	46.53179
alpha_rarefaction_31501_0.txt	31501	0	52.70039	49.98281	47.40568	51.20879	48.4695	46.98541	50.52614	49.20136	48.03859	39.52464	42.62173	46.15472	46.51943	41.26085	47.78834	48.94768	50.99702	49.96914	48.22676	50.0981	49.43446	49.64201	49.36777	47.99301	48.94324	51.37213	49.36024	51.29389	49.08995
alpha_rarefaction_31501_1.txt	31501	1	54.18185	50.28589	47.65368	51.09647	48.57341	47.56996	51.10977	48.7625	46.72131	38.9818	43.05324	45.43548	46.97939	41.86266	48.30009	50.51995	51.17884	50.30023	48.03336	49.19834	49.9189	47.96298	49.93888	47.26112	48.39887	49.66143	48.11443	50.34494	48.93959
alpha_rarefaction_31501_2.txt	31501	2	54.05365	51.0831	48.62632	51.40247	49.40006	46.92477	49.33978	48.43048	46.94312	39.76465	42.85262	45.82794	46.29156	42.07754	47.51829	48.67967	49.73246	51.14657	48.83193	50.5113	49.27227	48.78294	49.24322	47.48877	48.86377	50.74993	48.98056	49.68165	48.92961
alpha_rarefaction_31501_3.txt	31501	3	53.52535	49.51698	47.62637	51.33018	49.75137	46.87889	49.56736	47.52295	46.30042	38.64183	42.72386	45.32377	47.56711	42.35871	47.08124	49.02752	50.31621	51.25672	48.98662	50.34352	50.01492	49.86831	49.25253	46.96343	48.16257	50.19767	49.61242	50.23154	48.15769
alpha_rarefaction_31501_4.txt	31501	4	54.52155	49.68512	47.95264	51.20058	48.61898	47.03627	49.2444	48.65702	46.1251	38.56412	43.30629	44.99424	48.19391	41.99378	47.30606	49.14832	50.66138	50.45655	47.23684	50.47855	49.56044	50.63197	49.17648	47.31394	49.10319	51.0596	48.25043	50.4493	48.66476
alpha_rarefaction_31501_5.txt	31501	5	54.41724	49.67043	48.47528	51.15543	49.56825	47.94665	50.63021	49.71477	47.58383	38.22374	43.40276	45.70404	46.90402	41.93364	46.33415	47.72326	52.10559	50.56996	48.49763	48.90389	49.27834	50.23917	48.87483	47.96938	49.21025	51.034	48.83805	50.29368	48.62828
alpha_rarefaction_31501_6.txt	31501	6	52.66408	49.6956	46.77226	51.26236	48.9776	47.72598	51.40057	49.53462	45.79285	38.82298	43.16495	45.49515	46.9811	42.27404	47.90943	49.29169	50.94683	49.92315	47.98886	50.51112	49.30703	48.75793	49.45895	47.6038	48.62249	51.50182	48.85703	49.51939	48.89436
alpha_rarefaction_31501_7.txt	31501	7	54.30535	49.59931	47.4434	51.34554	49.31111	47.5707	49.26111	49.46017	46.04782	38.92779	43.11183	45.82808	47.89232	42.12624	46.06918	48.82957	50.27705	50.66767	48.53466	50.74429	50.1662	49.40351	49.20038	48.66699	48.19637	50.91426	49.21038	50.11114	49.01208
alpha_rarefaction_31501_8.txt	31501	8	53.50354	50.15553	47.84599	50.84606	49.80321	48.76438	50.23922	49.54933	46.58702	38.91375	43.19187	45.42742	47.73327	41.97419	47.04935	49.26375	50.61397	50.37198	48.09573	49.5815	49.64665	49.48953	48.86658	46.98049	48.70578	51.02588	49.85282	50.42673	48.62909
alpha_rarefaction_31501_9.txt	31501	9	52.9056	48.90045	48.09938	50.33712	48.6201	48.28794	50.91707	49.08193	46.27114	39.52356	43.70545	45.2593	47.57027	41.85182	47.02706	49.48335	51.11153	50.71043	47.65491	49.78764	49.7792	49.63047	48.77063	48.03268	49.77683	51.58333	48.66391	50.30833	48.58376
alpha_rarefaction_35000_0.txt	35000	0	53.20709	50.60645	49.25612	52.76999	49.2098	49.0052	49.87646	49.87209	47.38323	40.04026	43.32684	46.74011	48.52133	42.82933	47.64102	50.08889	52.83631	50.26074	49.05402	50.98419	49.83448	50.21651	50.00421	48.93757	49.61127	51.00939	48.35293	51.44871	49.62269
alpha_rarefaction_35000_1.txt	35000	1	54.01273	51.08455	48.34985	51.78661	49.02764	49.40108	49.91404	49.50735	46.95668	39.18547	43.52388	46.29658	48.23413	42.98587	48.5428	49.88301	52.25323	50.81932	49.6051	50.10819	49.47175	50.12049	51.03476	48.60811	49.31981	50.4154	48.95496	51.44287	49.71098
alpha_rarefaction_35000_2.txt	35000	2	54.06621	50.98765	48.79361	51.74679	49.8227	48.00608	49.89167	49.5036	46.89842	40.06672	43.23895	46.32996	48.66155	42.44109	48.49076	50.32443	51.84488	50.30451	49.2017	49.91677	50.83407	50.359	49.90692	49.26024	49.96121	50.9213	50.4059	51.13734	48.51515
alpha_rarefaction_35000_3.txt	35000	3	55.77551	50.26001	47.81335	51.64228	49.99954	48.80335	51.16453	50.6943	47.10754	39.74237	43.68233	46.50617	48.42271	42.85285	47.32496	49.4911	51.83203	50.00396	49.51211	49.94255	48.91578	50.86745	50.11354	47.79685	49.85084	51.48548	49.61764	51.06353	48.9762
alpha_rarefaction_35000_4.txt	35000	4	54.22086	50.96348	48.31949	51.85838	50.45524	48.48543	50.837	49.60022	47.98529	39.82285	43.9978	46.60746	48.3657	42.07867	48.16405	49.35894	50.67351	50.20003	48.32312	50.85812	50.0461	50.30754	50.34881	48.18956	49.48553	51.84989	49.9695	50.99471	49.17865
alpha_rarefaction_35000_5.txt	35000	5	53.42449	50.77487	49.15407	52.79336	49.01363	47.31125	50.15599	50.46874	46.741	40.19001	44.14481	46.12994	48.03872	42.76409	47.98002	49.70609	51.75351	50.23597	49.52417	49.94279	49.71371	50.07288	50.14473	48.30853	49.76017	51.39662	48.90558	51.67088	49.61316
alpha_rarefaction_35000_6.txt	35000	6	54.58712	50.54258	48.82206	51.7543	48.78604	48.79539	51.00236	50.48625	47.82327	39.81236	43.47649	46.63939	47.16215	42.86472	48.28105	48.87068	52.03476	50.42507	49.82702	49.63258	49.6002	50.73297	50.54422	48.38594	49.98124	50.99747	49.13141	51.83079	48.90758
alpha_rarefaction_35000_7.txt	35000	7	54.26626	50.67908	49.5997	52.14552	49.69145	47.94678	50.4842	49.58488	46.5617	39.64167	43.23092	45.79957	47.97918	42.72149	48.38989	49.77549	52.8336	51.26694	48.91708	50.33357	50.21618	50.74268	49.749	47.93428	49.40549	51.55106	50.30314	50.4447	49.16883
alpha_rarefaction_35000_8.txt	35000	8	54.70759	50.69697	47.44365	51.65499	50.45673	47.83454	51.10819	49.27331	47.05715	40.06991	43.69186	46.40746	47.84597	42.79437	48.89559	50.56898	52.26691	51.1982	48.76488	49.54956	49.90838	50.00837	50.38613	48.969	49.88229	50.66685	49.12177	51.04802	49.26604
alpha_rarefaction_35000_9.txt	35000	9	54.23797	50.86281	48.51664	51.33171	49.47579	48.18864	51.65711	49.82308	47.91315	40.92517	42.7808	46.4234	46.83227	42.99728	48.05151	50.18628	51.34955	51.17011	49.18555	50.4873	50.58366	50.76786	50.32597	48.15227	49.78451	51.48752	49.38074	50.36491	49.052