	sequences per sample	iteration	515rcbc12	515rcbc23	515rcbc30	515rcbc29	515rcbc9	515rcbc35	515rcbc18	515rcbc15	515rcbc26	515rcbc25	515rcbc32	515rcbc8	515rcbc16	515rcbc36	515rcbc31	515rcbc22	515rcbc17	515rcbc24	515rcbc21	515rcbc10	515rcbc14	515rcbc19	515rcbc27	515rcbc11	515rcbc34	515rcbc37	515rcbc33	515rcbc28	515rcbc13
alpha_rarefaction_10_0.txt	10	0	55.0	55.0	55.0	55.0	55.0	55.0	55.0	55.0	55.0	23.0	55.0	55.0	55.0	55.0	55.0	23.0	55.0	55.0	55.0	55.0	55.0	55.0	13.0	55.0	55.0	55.0	23.0	55.0	55.0
alpha_rarefaction_10_1.txt	10	1	55.0	23.0	55.0	23.0	55.0	23.0	23.0	55.0	55.0	23.0	55.0	55.0	55.0	55.0	23.0	55.0	55.0	23.0	55.0	55.0	55.0	55.0	55.0	55.0	55.0	23.0	23.0	55.0	55.0
alpha_rarefaction_10_2.txt	10	2	55.0	55.0	55.0	55.0	23.0	55.0	55.0	55.0	23.0	23.0	55.0	55.0	55.0	55.0	55.0	23.0	55.0	55.0	23.0	55.0	55.0	55.0	55.0	55.0	55.0	55.0	55.0	55.0	55.0
alpha_rarefaction_10_3.txt	10	3	23.0	55.0	55.0	23.0	55.0	55.0	55.0	55.0	55.0	55.0	23.0	55.0	55.0	23.0	55.0	23.0	55.0	55.0	55.0	55.0	55.0	55.0	55.0	55.0	55.0	55.0	55.0	55.0	55.0
alpha_rarefaction_10_4.txt	10	4	55.0	55.0	55.0	55.0	55.0	55.0	55.0	55.0	55.0	23.0	55.0	55.0	55.0	23.0	55.0	55.0	55.0	55.0	55.0	55.0	23.0	55.0	55.0	23.0	23.0	55.0	55.0	29.0	23.0
alpha_rarefaction_10_5.txt	10	5	55.0	55.0	23.0	23.0	55.0	55.0	55.0	55.0	55.0	55.0	55.0	55.0	55.0	23.0	23.0	55.0	55.0	55.0	55.0	55.0	55.0	55.0	55.0	23.0	55.0	55.0	29.0	55.0	23.0
alpha_rarefaction_10_6.txt	10	6	55.0	23.0	23.0	55.0	23.0	55.0	55.0	23.0	55.0	55.0	55.0	55.0	55.0	55.0	55.0	55.0	55.0	55.0	55.0	23.0	55.0	55.0	55.0	55.0	55.0	55.0	23.0	55.0	55.0
alpha_rarefaction_10_7.txt	10	7	55.0	55.0	23.0	55.0	55.0	55.0	55.0	55.0	55.0	55.0	55.0	55.0	55.0	55.0	55.0	55.0	55.0	55.0	55.0	55.0	55.0	23.0	55.0	23.0	55.0	55.0	55.0	55.0	55.0
alpha_rarefaction_10_8.txt	10	8	55.0	55.0	55.0	55.0	55.0	23.0	55.0	55.0	23.0	55.0	55.0	13.0	55.0	55.0	23.0	55.0	55.0	55.0	55.0	23.0	55.0	55.0	55.0	23.0	23.0	55.0	23.0	55.0	55.0
alpha_rarefaction_10_9.txt	10	9	55.0	55.0	55.0	55.0	23.0	55.0	55.0	55.0	55.0	23.0	55.0	55.0	55.0	55.0	55.0	23.0	55.0	55.0	55.0	23.0	55.0	55.0	55.0	55.0	55.0	55.0	23.0	55.0	55.0
alpha_rarefaction_3509_0.txt	3509	0	4676.77272727	2727.34673367	2484.46700508	2759.90909091	2549.875	2224.72375691	2671.24056604	2869.73796791	2740.00526316	2398.76470588	2304.359375	2508.04201681	2872.58333333	2274.21830986	2662.405	2518.85714286	2739.38028169	2653.27751196	2485.16393443	2423.62068966	2548.41743119	2706.49180328	2576.0	2833.69711538	2560.19892473	2694.37668161	2872.5	2646.98630137	2577.52486188
alpha_rarefaction_3509_1.txt	3509	1	3753.17105263	2754.62176166	2507.3125	2829.2173913	2818.00518135	2420.03658537	2905.46261682	2736.01595745	2510.2	2096.66995074	2242.955	2973.68341709	2603.02212389	2327.63909774	2532.44537815	2544.51724138	2868.01941748	2759.27777778	2276.57142857	2667.828125	2671.53301887	3214.57971014	2836.47783251	2724.68949772	2670.78061224	2902.81395349	2588.50943396	2917.79365079	2459.49748744
alpha_rarefaction_3509_2.txt	3509	2	4413.27777778	2640.19230769	2802.39010989	2930.83966245	2662.22727273	2736.03225806	2906.32692308	2823.69194313	2633.43298969	2449.32544379	2435.11229947	2590.51260504	2565.26415094	2269.56692913	2779.18461538	2721.11229947	2734.24336283	2562.45971564	2677.11111111	2433.99507389	2601.27777778	2919.05952381	2796.10047847	2681.25388601	2552.07692308	2651.0	2827.34761905	2947.53005464	2487.01485149
alpha_rarefaction_3509_3.txt	3509	3	4369.00505051	2563.04444444	2685.50837989	2824.71428571	2392.975	2215.19786096	2546.74688797	2743.05291005	2679.0	2484.00526316	2344.19672131	2702.57894737	3203.50251256	2419.04545455	2864.58536585	2769.16666667	2703.16	2815.52763819	2409.65217391	2718.34848485	2475.61538462	3261.77727273	2728.09865471	2645.4057971	2487.36507937	2805.95454545	2644.34545455	2770.07936508	2405.71957672
alpha_rarefaction_3509_4.txt	3509	4	4143.13270142	2633.04464286	2749.14973262	3015.68018018	2619.61881188	2599.72151899	2779.51282051	3130.40677966	2708.98445596	2362.73076923	2298.70351759	2918.45652174	2915.26699029	2174.63829787	2714.49246231	2642.7287234	3044.57923497	2600.16113744	2741.06470588	2624.66145833	2669.82178218	3210.21428571	2575.82191781	2719.30136986	2488.63157895	3185.15544041	2746.59330144	2764.30985915	2176.24886878
alpha_rarefaction_3509_5.txt	3509	5	4292.99528302	2431.88837209	2532.06557377	2971.23175966	2608.56650246	2305.71428571	2613.3647541	2696.36363636	2540.54255319	2557.00578035	2150.0776699	2846.18181818	2804.04265403	2276.00632911	2656.55502392	2540.19607843	2695.4549763	2700.39622642	2604.63829787	2407.55660377	2653.12796209	3171.02752294	2579.01382488	2819.53030303	2315.48611111	2902.73333333	2716.62962963	2744.15135135	2284.65
alpha_rarefaction_3509_6.txt	3509	6	4218.79104478	2824.60098522	2687.515	3025.26066351	2480.39150943	2770.28025478	2418.72727273	2729.66666667	2539.87677725	2513.44571429	2388.67213115	2475.75	2434.83185841	2443.65648855	2606.50724638	3015.72774869	2808.57971014	3015.75369458	2365.55154639	2488.21052632	2669.92682927	2875.7751004	2789.2985782	2834.24637681	2399.0	2944.66350711	2592.62672811	2475.875	2351.17910448
alpha_rarefaction_3509_7.txt	3509	7	4664.32142857	2705.69270833	2554.85714286	2852.40789474	2551.95890411	2491.96428571	2700.1659751	2970.11931818	2553.34782609	2509.06701031	2400.08333333	2538.57142857	2931.03	2574.08333333	2587.30541872	2460.94339623	2880.32512315	2808.33333333	2452.46153846	2747.5	2547.38461538	2851.68674699	2562.2184466	2837.83495146	2675.54358974	2719.23144105	2793.87439614	2620.84513274	2469.43147208
alpha_rarefaction_3509_8.txt	3509	8	4567.55932203	2931.14070352	2553.10526316	2865.35483871	2489.4212963	2477.47272727	2548.73417722	2843.08241758	2513.06282723	2199.625	2384.88709677	2904.78037383	2722.77828054	2121.00657895	2646.36619718	2727.890625	3146.0104712	2877.13930348	2515.09278351	2468.87142857	2514.62679426	2982.69196429	2748.22596154	2666.54166667	2443.43718593	2953.50480769	2688.09134615	2747.74725275	2344.03791469
alpha_rarefaction_3509_9.txt	3509	9	4235.4787234	2629.96244131	2709.19565217	2916.02727273	2601.27083333	2551.63125	2780.00454545	2663.22966507	2688.15469613	2178.28078818	2353.21761658	2648.93965517	2748.87142857	2243.9787234	2487.16267943	2563.22222222	2665.70588235	2861.30046948	2502.20689655	2838.81005587	2767.51515152	3095.01408451	2664.265	2479.36073059	2650.91176471	2685.37668161	2775.42926829	2594.83886256	2442.20725389
alpha_rarefaction_7008_0.txt	7008	0	6701.96551724	3590.4057508	3816.66666667	4651.22105263	3471.221843	3288.70212766	3816.8392283	4041.76512456	3666.34375	3117.38602941	2910.22916667	3713.62080537	3696.87820513	2916.4691358	3685.80866426	3509.375	3894.2826087	3734.11180124	3203.04460967	3404.22299652	3542.95962733	3807.87016575	3738.83695652	3836.95016611	3366.7	4005.12974684	3808.52201258	3553.91331269	3401.78787879
alpha_rarefaction_7008_1.txt	7008	1	6755.72459016	3837.22680412	3798.46511628	3708.71720117	3516.94117647	3320.9561753	3603.3	3866.34364261	3523.5979021	3081.76086957	2973.01052632	3842.14497041	3604.30088496	2698.02230483	3766.67003367	3828.21505376	4165.03767123	3539.99053628	3187.53090909	3117.79354839	3584.2006079	3923.36263736	3578.21428571	3740.84313725	3494.53020134	3570.33426184	3651.24458204	3509.35333333	3185.61538462
alpha_rarefaction_7008_2.txt	7008	2	6474.89189189	3560.75570033	3529.47678019	3976.98502994	3573.30769231	3274.37956204	3717.50961538	4155.01079137	3817.10902256	3210.72284644	3059.1875	3463.58045977	3786.39549839	2935.87951807	3609.02491103	3683.76470588	3964.10169492	3729.39215686	3131.93703704	3473.5505618	3699.48039216	4085.07961783	3726.73311897	3445.0733945	3332.78476821	3504.83646113	3520.46246246	3774.13402062	3324.1119403
alpha_rarefaction_7008_3.txt	7008	3	7238.67326733	3520.34343434	3523.99006623	4257.90169492	3329.95238095	3188.80232558	3785.63636364	3627.62897527	3712.37454545	3041.13261649	3114.46332046	3548.32835821	3574.0060423	2662.55681818	3376.45768025	3657.83774834	3984.46843854	3631.58280255	3299.86842105	3045.63076923	3630.33105802	4163.67867868	3257.75482094	3663.13888889	3514.77739726	3615.64516129	3492.50764526	3607.89067524	3205.75179856
alpha_rarefaction_7008_4.txt	7008	4	6395.20560748	3424.40327869	3632.37370242	4188.82802548	3402.85185185	3518.53667954	3760.55625	3714.33105802	3698.91459075	2991.90540541	3174.25968992	3500.80851064	3628.3853211	2894.71052632	3737.40068493	3731.5	3958.4738676	3569.75316456	3202.56737589	3461.98591549	3693.7184466	3927.36263736	3823.11660777	3605.84797297	3513.94366197	3720.32857143	3611.92789969	3515.6554878	2974.79381443
alpha_rarefaction_7008_5.txt	7008	5	7122.28621908	3511.24038462	3571.82269504	3899.38244514	3577.90322581	3327.56976744	3626.25	3947.51535836	3553.26262626	2966.90816327	3137.06640625	3612.51485149	3825.63934426	2921.86122449	3710.52097902	3507.1559322	3963.78233438	3685.38461538	3432.53649635	3622.08333333	3583.28093645	4222.00877193	3532.28767123	3646.4625	3754.60526316	3898.09422492	3615.94904459	3746.48096886	3038.22525597
alpha_rarefaction_7008_6.txt	7008	6	6239.16012085	3461.03040541	3454.63173653	3864.03703704	3316.11214953	3228.00358423	3773.67601246	3714.50657895	3617.68600683	3405.18951613	2840.31372549	3992.65460526	3971.88216561	3169.60944206	3762.65467626	3694.87457627	3705.67823344	3563.46052632	3184.53090909	3425.73809524	3359.39655172	4286.375	3760.45762712	3746.61774744	3514.816609	3821.81914894	3725.234375	3799.59124088	3166.3594306
alpha_rarefaction_7008_7.txt	7008	7	6188.68421053	3348.29691877	3362.20858896	4019.38032787	3545.04761905	3074.87719298	3380.15877437	3912.2	3494.2384106	3535.9625	3257.83076923	3676.85234899	3636.7	3029.36986301	3714.11221122	3453.7641196	3894.7028754	3720.71854305	3239.55514706	3299.74750831	3654.58139535	4400.24776119	3525.7615894	3703.88135593	3315.60207612	3812.30635838	3920.33333333	3473.4295082	3163.96750903
alpha_rarefaction_7008_8.txt	7008	8	6477.00934579	3379.51923077	3724.78169014	4124.78929766	3240.29881657	3239.38223938	3524.94736842	3931.55102041	3756.29454545	3286.43478261	3072.35836177	3841.18037975	3435.50294118	3014.78318584	3426.37460317	3713.90169492	3986.29824561	3638.96084337	3171.15017065	3626.075	3426.815625	3985.80285714	3515.2808642	3604.83121019	3646.66304348	3793.81626506	3671.23684211	3531.79069767	3066.03873239
alpha_rarefaction_7008_9.txt	7008	9	6686.02208202	3770.74061433	3415.81694915	3749.35042735	3509.11627907	3184.80565371	3481.50877193	4135.98850575	3691.65413534	3111.95985401	3024.5326087	3525.96439169	3790.44522968	2745.1015625	3659.1627907	3430.55517241	3851.28571429	3865.49077491	3265.03345725	3548.78057554	3593.83121019	4235.59701493	3381.15625	3593.79552716	3362.12621359	4060.5015674	3577.78547855	3508.44761905	3055.33774834
alpha_rarefaction_10507_0.txt	10507	0	8016.88861386	4218.5848564	3881.94736842	4864.98473282	3822.38970588	4014.18694362	4187.46683047	4888.3415978	4294.41853933	3588.79614325	3793.17973856	4256.0691358	4489.4151436	3481.01923077	4167.25271739	4195.80719794	5033.27192982	4179.83547558	3634.52923977	3973.83471074	4124.41176471	4804.76303318	4549.79301075	4535.52043597	4267.43731778	4330.77777778	4455.32048193	4237.09898477	3800.85840708
alpha_rarefaction_10507_1.txt	10507	1	8439.36934673	4158.46031746	4513.02162162	4804.31967213	4025.61538462	3804.18079096	4542.82198953	4542.71573604	4484.27192982	3582.56287425	3692.6554878	4190.37408313	4102.83649289	3571.54180602	4428.56091371	4220.23955432	5068.76704545	4442.71875	4056.2238806	3973.02997275	4259.78873239	4586.43844492	4358.65853659	4491.51666667	4092.20833333	4402.18409091	4381.29113924	4241.93715847	3677.04373178
alpha_rarefaction_10507_2.txt	10507	2	8189.46454768	4335.96073298	4147.40789474	4699.39473684	4148.8908046	3922.15406977	4361.56030151	4615.99152542	4324.75968992	3566.66081871	3618.02932551	4301.28191489	4373.3125	3047.3427673	4473.69405099	4033.03013699	4844.03571429	4308.44125326	3778.38968481	3993.67567568	4131.66336634	4578.91823899	4129.80526316	4275.09756098	4156.02083333	4196.70068027	4302.22797927	4316.47645429	3540.86702128
alpha_rarefaction_10507_3.txt	10507	3	9104.17032967	4152.98694517	4396.62130178	4675.37142857	4135.68698061	3937.6160221	4245.03740648	5217.02906977	4526.03003003	3549.76971609	3528.75637394	3965.76412776	4268.30845771	3258.50943396	4492.76300578	4344.78846154	4978.46590909	4184.57407407	3975.50146628	4111.55027933	4335.28759894	4592.35172414	4062.39268293	4190.52475248	3973.5078534	4674.37931034	4455.6875	4247.5596817	3732.00864553
alpha_rarefaction_10507_4.txt	10507	4	8766.88135593	4472.24340176	4347.66666667	4922.7254902	4022.55497382	3997.88888889	4279.93846154	4620.87362637	4333.30662983	3745.50837989	3706.41104294	3806.27688787	4391.01822917	3486.29113924	4400.28532609	4325.96590909	4773.0	4493.35734072	3632.15014164	4095.94505495	4030.89552239	5043.42409639	4423.25277778	4336.34677419	3908.01912568	4815.8125	4512.08031088	4448.16045845	3674.16066482
alpha_rarefaction_10507_5.txt	10507	5	8600.90291262	4093.0	4344.05915493	5067.73638968	4016.0	4086.67295597	4791.03305785	4877.69251337	4389.32676056	3776.59813084	3631.025	4066.44444444	4180.37142857	3273.04776119	4383.91666667	4215.18320611	4671.15890411	4263.6625	3833.24545455	4134.00292398	4104.04632153	4721.72706935	4124.85233161	4329.50381679	3878.25	4647.87593052	4074.00257069	4072.03797468	3905.85302594
alpha_rarefaction_10507_6.txt	10507	6	8501.22962963	4463.70491803	4251.45231608	4835.48041775	3955.5	4187.93457944	4241.24804178	4585.15890411	4386.71467391	3848.19061584	3767.86461538	3957.08219178	4493.97014925	3206.68035191	4520.5309973	4344.34375	4858.48739496	4469.66037736	3653.73214286	3900.32876712	3977.57070707	4941.56730769	4449.48618785	4812.75931232	4237.87537092	4669.00485437	4196.47858942	4205.85254692	3825.12676056
alpha_rarefaction_10507_7.txt	10507	7	8703.18844221	4198.35770235	4639.84548105	5040.16935484	3847.40874036	3995.52023121	4345.24310777	4588.74715909	4191.25274725	3671.15705128	3585.65289256	4245.32613909	4394.16537468	3048.76764706	4224.89750693	4293.08923885	4426.98992443	4402.94240838	3991.10526316	3985.0280112	4068.936	4861.78139535	4357.08661417	4101.35509138	3890.45118734	4779.00714286	4081.51522843	4056.50769231	3516.97159091
alpha_rarefaction_10507_8.txt	10507	8	8555.36690647	4041.79136691	4531.69121813	4953.60266667	4105.4895288	3791.63554217	4443.14503817	4512.82070707	4406.74852071	3806.5922619	3492.83673469	4035.95488722	4295.00722892	3239.65243902	4496.27777778	4414.03191489	5007.06158358	4799.47289157	4007.76357827	4229.0989011	3876.24465558	4893.57462687	4106.03875969	4336.19230769	4143.72807018	4423.26067416	4375.19170984	4103.19806763	3798.95522388
alpha_rarefaction_10507_9.txt	10507	9	8725.75990099	4113.8847185	4437.69863014	4757.4775	4154.11898017	3763.75433526	4341.65079365	4601.375	4241.59349593	3764.54131054	3542.03003003	3797.51972158	4453.6	3388.29354839	4420.41369863	4174.1	5334.78220859	4191.13715711	3865.0031746	3961.056	4453.09970674	4982.66906475	4135.29925187	4369.375	3986.61904762	4656.69733656	4313.49740933	4431.44791667	3744.89766082
alpha_rarefaction_14006_0.txt	14006	0	10891.4444444	4674.58333333	4779.17772512	5334.38157895	4409.50119332	4262.05528846	4972.90300231	5246.70238095	4764.27475248	3987.85185185	3871.59390863	4529.13771186	5103.37028302	3435.16326531	5094.89260143	4954.85194175	5607.97051597	4919.46682464	4611.54972376	4489.3686747	4695.27459954	5530.19883041	4648.04026846	5054.56730769	4566.02439024	4868.34328358	4564.15	4831.95681818	3886.13776722
alpha_rarefaction_14006_1.txt	14006	1	10194.6695279	4496.61764706	4831.32311321	5299.90343348	4451.87385321	4211.83333333	4667.35520362	5596.49492386	4787.11167513	4411.46132597	4112.01351351	4394.7654321	4659.06779661	3632.74515235	4959.19194313	4895.8540146	5408.6169265	5096.73455378	4329.0074813	4920.62599469	4594.01385681	5671.07142857	4871.68656716	4784.77304965	4367.93863636	4953.33939394	4610.70784314	4587.35520362	4206.75714286
alpha_rarefaction_14006_2.txt	14006	2	10079.4	4880.46153846	4563.03432494	5644.50835322	4451.36342043	4490.77837838	5180.7	5487.41605839	4842.23678161	3980.44604317	3910.51675978	4612.73417722	4891.10526316	3794.43342776	5141.02512563	4828.81707317	5094.39215686	4925.28162291	4764.04034582	4362.2706422	4372.87586207	5484.6020202	4725.67889908	4826.92410714	4510.30136986	4838.71905697	4646.49148936	4405.95100223	4221.92647059
alpha_rarefaction_14006_3.txt	14006	3	10300.0610022	4539.04761905	4497.49358974	5411.55066079	4389.60175055	4103.88861386	4641.6838565	5145.23980815	4692.11933174	4029.50131926	3880.34126984	4497.47974414	4843.56599553	3692.04225352	4965.065	4781.83658537	5407.00236967	4838.04186047	4325.61538462	4499.22033898	4827.25879397	5593.12328767	4709.0548926	4919.75280899	4597.22627737	4879.06870229	5212.85611511	5023.13163972	4014.05454545
alpha_rarefaction_14006_4.txt	14006	4	10779.2943723	4880.92665037	4521.18543046	5344.14765101	4435.94816415	4354.50632911	4833.73648649	4912.98633257	4763.28605769	4310.57142857	4025.14173228	4312.94650206	4862.5812357	3611.77088949	5370.28985507	4735.39904988	5414.60227273	5033.69026549	4516.62816901	4635.95180723	4456.84734513	5561.43496802	4451.54109589	4859.54022989	4741.50742574	5145.962	4662.95841996	4648.99295775	4208.17886179
alpha_rarefaction_14006_5.txt	14006	5	10202.0205761	4737.54415274	4610.18571429	5642.28	4597.75794621	4290.82978723	4918.16666667	5593.38215103	4804.22278481	4274.27272727	3840.70588235	4458.97764228	4946.47309417	3796.57567568	4894.612529	4692.84597156	5727.34718826	5086.24824356	4152.07272727	4459.33251834	4427.55876289	5332.53623188	4493.80465116	4365.12095032	4398.04883721	4846.70414201	4802.20357942	4551.15604396	4177.39320388
alpha_rarefaction_14006_6.txt	14006	6	10622.335443	4471.20535714	4890.66974596	5588.63510393	4574.50233645	4494.17590361	5032.82298851	5162.52643172	4913.77750611	4159.61246612	3990.39313984	4419.725	4675.64578834	3422.35294118	4954.70616114	4740.1048951	5153.75796178	4868.98364486	4675.1372549	4893.8825	4676.00242131	5309.77099237	4783.80320366	4982.30734967	4594.13480392	4877.056	4848.66225166	4390.34955752	3832.14798206
alpha_rarefaction_14006_7.txt	14006	7	11280.3068182	4566.85934066	4625.56363636	5362.22573363	4400.15023474	3913.57403189	4742.77142857	5109.70093458	5058.75321337	3880.84538653	3911.58711217	4565.68362832	5112.69248826	3452.57	5000.21911422	4573.50704225	5798.8358209	5037.35511983	4473.69421488	4576.81924883	4628.21428571	5575.66115702	4441.50113895	4756.70681818	4512.32512315	5063.00208768	5020.59810875	4421.00433839	4073.42857143
alpha_rarefaction_14006_8.txt	14006	8	11195.4859155	4822.09501188	4902.55609756	5826.2173913	4238.43529412	4358.6509901	4883.0496614	5365.4589372	4577.03480278	4081.43103448	4000.0754717	4464.51829268	4898.83700441	3674.48979592	5105.1	4563.13235294	5281.7852194	4728.5	4294.23809524	4374.89361702	4795.02588235	5133.65957447	4829.203125	4930.5	4350.03644647	5128.53061224	4839.52145923	4653.20093458	3923.90072639
alpha_rarefaction_14006_9.txt	14006	9	10558.9457701	4601.36342043	4745.01678657	5349.77828054	4425.80320366	4235.1097852	4802.67741935	5500.35096154	4505.6	3993.22361809	4010.9507772	4567.24489796	5022.37070938	3802.64705882	5397.5743073	4851.03163017	5541.50835322	5105.46551724	4343.08732394	4549.80769231	4645.18337408	5242.76984127	4615.41441441	4938.61904762	4521.11963883	4835.76374745	5147.921875	4490.22707424	4074.21303258
alpha_rarefaction_17505_0.txt	17505	0	11624.0	4988.04417671	5269.49471459	5912.5480226	4799.53593429	4707.12359551	5203.03144654	6000.50214592	5586.85	4490.03685504	4093.45581395	4768.48618785	5549.14346895	3676.5426009	5715.8061674	5443.90714286	5871.19919517	5378.35526316	4822.225058	5000.37417943	4805.08523909	5797.5	5065.24737945	5247.55714286	5071.18881119	5297.08483755	5568.85714286	5110.19839679	4325.80896226
alpha_rarefaction_17505_1.txt	17505	1	12147.3757339	5112.89583333	5375.97484277	6009.30538922	4806.3100616	4752.00211864	5221.65656566	5823.00217865	5249.63333333	4442.16107383	4204.52380952	4838.00194932	5451.67689162	3991.42542787	5341.48	5109.75862069	6058.5292887	4803.38728324	4906.203125	4909.56167401	5167.06666667	5756.31491713	5138.55882353	5123.53757225	4693.452	5304.24390244	5408.60869565	4999.06321839	4532.98639456
alpha_rarefaction_17505_2.txt	17505	2	11951.4063604	5164.28874735	5150.8516129	6019.01851852	4677.88933602	4522.81181619	5343.15694165	5981.33333333	5474.83482143	4641.14503817	4586.1505102	4837.21083172	5132.26857143	3843.15492958	5352.75906183	5080.50211864	6107.12896406	5399.8697479	4847.95488722	5119.45890411	4920.45934959	5845.72370766	5163.0101833	5168.45294118	4798.74025974	5334.80555556	5329.90019194	5250.57380457	4553.78846154
alpha_rarefaction_17505_3.txt	17505	3	11729.6459854	5028.73402062	5034.9188641	6050.78099174	4659.8	4831.04494382	5532.76789588	5888.76617954	4879.60728745	4485.02352941	4106.15714286	4824.90203327	5594.61392405	3904.10933941	5554.1619256	5071.01273885	5830.55230126	5384.52783505	4830.92344498	5072.22222222	5214.01398601	5848.58333333	5288.35421166	5270.11157895	4880.94780793	5406.94535519	5295.03018109	5255.55737705	4478.9771167
alpha_rarefaction_17505_4.txt	17505	4	12222.3402256	5391.52915767	5412.63429752	6043.36363636	4656.5210084	4638.01372998	5610.69230769	5733.01878914	5206.04294479	4409.16666667	4419.29268293	4904.15977444	5312.51361868	3744.30853392	5907.06726457	5425.87162162	6152.49090909	5168.65922921	4486.41891892	4884.70498915	5110.36774194	5835.51086957	5224.52083333	5437.04979253	4908.26624738	5237.96188748	5261.5	5136.69361702	4422.66442953
alpha_rarefaction_17505_5.txt	17505	5	12154.7735125	4956.58536585	5136.03092784	5852.07058824	4747.06263048	4974.09375	5242.11340206	5807.50213675	5617.24373576	4685.195	4442.88832487	4734.52788845	5173.56772908	3995.22409639	5806.28798186	4966.1884058	5963.13793103	5525.53104925	4774.09929078	4998.8875	5187.5	5854.51396648	5200.50208333	5098.27822581	4805.9248927	5199.94535519	5307.73715415	5051.22070312	4371.32311321
alpha_rarefaction_17505_6.txt	17505	6	12018.4935305	4861.84507042	4899.78458498	5872.53360489	4860.03488372	4708.31477516	5590.04142012	5807.30612245	5021.09836066	4634.45685279	4379.35609756	4720.37132353	5456.43852459	3766.17257683	5432.09302326	5358.85227273	5706.56496063	5215.87174349	4704.29854369	5023.59782609	5001.49044586	5642.76130199	5066.63157895	5114.51276596	4595.67322835	5190.16230366	5208.89101338	5101.81742739	4326.20634921
alpha_rarefaction_17505_7.txt	17505	7	11824.7608696	5165.13793103	5022.7607362	5954.04294479	4811.299389	4937.48591549	5172.18562874	6059.75751073	5321.45633188	4394.53436807	4266.81489842	4720.10707804	5328.05702648	3898.24637681	5199.55310621	5507.94130926	5993.37550201	5624.08154506	4837.41527446	4948.29122056	5241.02059497	5890.73333333	4908.35087719	5317.0	4869.3006135	5727.352	5269.74851485	5048.05726872	4565.83372922
alpha_rarefaction_17505_8.txt	17505	8	12621.8288462	5149.35671343	5073.61284047	6078.05521472	4944.49785408	4781.75483871	5343.53012048	5981.82692308	5228.18816068	4885.86340206	4567.93861893	4753.90439771	5130.32093933	3704.28448276	5666.78571429	5300.8202765	6153.52631579	5361.22197802	4754.67067308	4869.67647059	4967.40451745	5851.05137615	5128.81637168	4952.11560694	4778.08731809	5339.97103918	5511.04150198	5274.34232365	4275.03524229
alpha_rarefaction_17505_9.txt	17505	9	11700.0145985	5168.2962963	4954.07228916	6369.93736501	4606.65758755	4778.02227171	5068.35912698	5825.53039832	5161.07453416	4573.10538642	4176.89772727	4738.91954023	5519.56964657	3758.26635514	6094.96666667	5167.91428571	6066.97070312	5228.39832285	4744.52293578	5035.72297297	5018.79578947	5616.25852783	5027.48101266	5269.66115702	5019.53333333	5302.23616236	5230.35490196	5336.22022472	4366.7258427
alpha_rarefaction_21004_0.txt	21004	0	13383.7483221	5362.24675325	5561.86481113	6414.90520446	5280.14256619	5235.15957447	5815.59570312	6248.66480447	5898.58298755	4944.30490405	4546.21829522	5100.07894737	5581.72183099	3984.83647799	5546.60617761	5769.01162791	6193.66666667	5702.53529412	5321.17673378	5225.74459725	5203.15749526	6254.01510067	5380.91362764	5390.5045045	5248.7797619	5582.08319468	5405.92173913	5553.44508671	4740.3215859
alpha_rarefaction_21004_1.txt	21004	1	13812.035473	5302.74459725	5601.00191939	6249.77696527	5026.13059701	4872.60714286	5474.32653061	6271.73545966	5446.26703499	4730.11135371	4535.002079	5053.47870528	5475.02447552	3893.83891213	6114.44444444	5550.34268537	6367.93072824	5852.81636727	5013.74097665	5470.98734177	5333.76879699	6437.47302158	5369.13636364	5743.31725417	5106.00571429	5644.92820513	5699.31858407	5918.55882353	4598.96887967
alpha_rarefaction_21004_2.txt	21004	2	13601.8645833	5393.72924901	5630.28598131	6410.09856631	4912.90909091	5058.32210526	5628.4800759	6470.34482759	5549.825	4754.43678161	4570.6223176	5031.2908778	5518.35863378	3981.4626556	5781.96	5364.09902913	6159.73752311	5710.84795322	5422.08695652	5143.07429719	5297.21679688	6136.035	5808.8164557	5359.48916968	5079.65895954	5577.15041322	5623.24485981	5494.0411985	4589.08924949
alpha_rarefaction_21004_3.txt	21004	3	13166.2750397	5185.27767695	5829.22306238	6605.43050193	5272.04397706	5239.89419087	5645.00185185	6228.22986248	5541.17757009	4716.61733615	4740.31543624	5243.18644068	5855.67041199	4058.44325482	5704.11740891	5629.89211618	6280.4317757	5987.0	5156.71264368	5157.52868852	5623.51158301	6396.50505051	5274.53757225	5317.93368237	5077.8852459	5695.9107438	5642.51923077	5417.13653846	4509.00199203
alpha_rarefaction_21004_4.txt	21004	4	13804.319788	5303.96132597	5491.47912886	6467.19402985	5224.1954023	5022.97764228	5660.36245353	6251.19216418	5801.69607843	4700.48034934	4410.4454343	5177.93727599	5799.44337812	4069.9125	5826.62689394	5521.34453782	6410.68401487	6137.20717131	5186.69361702	5263.5125523	5428.73529412	6505.0	5457.632	5434.57692308	5541.80204082	5558.22260274	5679.77522124	5190.97977941	4686.58951965
alpha_rarefaction_21004_5.txt	21004	5	13886.7859589	5442.49162011	5502.23333333	6363.57142857	5006.55656934	4804.05691057	5539.36745887	6233.8229572	5506.67216117	4703.26751592	4883.01873536	5097.4991511	5980.75482625	4114.72138229	5875.25646123	5523.70916335	6466.84139265	5646.67537313	5090.51293103	5216.38549618	5512.62580645	6519.77835052	5187.83716814	5449.8147482	5405.47433265	5402.16476346	5800.42230347	5539.38918919	4527.21458333
alpha_rarefaction_21004_6.txt	21004	6	13524.6785714	5620.67913386	5321.10091743	6432.80251346	5018.32029795	5144.59453782	5526.15625	6358.92069632	5573.75660377	4725.25201613	4436.50666667	5085.41354724	5699.80510018	4021.14193548	6004.43074004	5485.42774566	6372.56373429	5683.67125984	5011.5625	5419.89574468	5261.60308285	6231.45084746	5842.662	5480.6	5166.1682243	6004.14364641	5688.72759227	5826.67322835	4487.87549407
alpha_rarefaction_21004_7.txt	21004	7	13286.0	5379.39444444	5450.26802218	6083.87123746	4907.64092664	5257.75688073	5366.23090586	6089.4535316	5771.93237705	4923.51345291	4926.6993007	5074.01782531	5851.07265774	3966.65092402	5559.20377358	5366.29961089	6625.47672253	5684.04015296	5241.02784223	5790.97511312	5426.19883041	6294.07826087	5446.03030303	5446.98671727	5094.83022388	5588.44570502	5663.9197861	5450.18067979	4641.18825911
alpha_rarefaction_21004_8.txt	21004	8	14003.1699115	5436.67039106	5599.54054054	6439.74817518	5003.18913481	5306.39772727	5708.51219512	6068.39783002	5736.27325581	4507.40524194	5019.18719212	5027.95180723	5639.01792115	4079.91855204	5619.01934236	5712.54279749	6405.40798611	5574.32969035	5555.1559633	5128.21721311	5685.59570312	6473.07413509	5560.01188119	5510.4018018	5423.00603622	5920.43889845	5781.10128913	5509.49126214	4555.56326531
alpha_rarefaction_21004_9.txt	21004	9	13711.5777027	5237.45640074	5263.14312977	6601.74324324	5107.40354331	4948.69318182	5601.13333333	6371.57309942	5949.55075594	4747.88453159	4698.46860987	5057.48	5484.78509532	4044.02422907	5539.60700389	5369.81139489	6649.25	5723.29366603	4928.01106195	5256.27142857	5712.80208333	6076.42277691	5457.30623819	5496.35701599	5203.71428571	5469.84615385	5689.97201493	5444.95652174	4619.86270492
alpha_rarefaction_24503_0.txt	24503	0	15008.5960666	5423.32525952	5758.40925267	6961.01792115	5494.03832117	5322.67117988	6100.50545455	6652.03552398	5606.20173913	4922.71257485	4881.26624738	5173.05527638	6082.92880795	4193.75	6233.16453382	5831.09375	6826.22727273	6462.18060837	5305.78215768	5791.47870183	5981.99029126	6609.97922849	5738.22482014	6005.3221831	5235.45454545	5574.9063893	5708.56856703	5866.78191489	4892.16232465
alpha_rarefaction_24503_1.txt	24503	1	15846.804878	5417.30664395	5670.19072165	6826.52871622	5671.734375	5343.202	5874.95084746	7118.39033457	5807.20758123	4909.34337349	4979.97268908	5241.04716981	6290.21985816	4300.5	6182.62790698	5990.85576923	6833.85929648	6000.40488656	5449.25263158	5697.42584746	5886.17509728	6998.43046358	5739.26608696	5955.20481928	5374.18491921	6145.11519199	5816.99162479	5740.57038391	5081.96344086
alpha_rarefaction_24503_2.txt	24503	2	14284.6380368	5719.33763838	5805.84693878	7021.79761905	5254.01680672	5339.44117647	5925.14160839	6695.95503597	6048.02264808	5101.13717694	4693.90697674	5120.80248834	6255.65689655	4138.5872093	5996.98941799	5972.88043478	6750.299509	6394.05747126	5553.65442765	5555.9092559	5504.79794521	6412.40447761	5515.3250444	5810.9197861	5370.01763668	5899.04930663	5880.89351082	5761.36363636	4755.50091743
alpha_rarefaction_24503_3.txt	24503	3	15094.2306525	5454.97202797	5793.70766488	6664.01025641	5085.24745763	5244.18562874	6032.78306878	6678.0	5802.04020979	5117.37649402	5098.43659044	5330.31825525	6420.76258993	4289.21084337	6345.36483932	5902.76023392	6936.68421053	5915.16197183	5663.72668113	5542.73800738	5864.19741697	6796.45171849	5878.89179104	5672.68150685	5560.54311927	5736.89954338	5878.09482759	5724.59165154	4774.91501976
alpha_rarefaction_24503_4.txt	24503	4	14786.5370102	5872.12382739	5935.44620811	7367.46716698	5140.29964539	5414.60190476	6317.64053537	6685.23818182	5898.71818182	5015.88095238	4838.02997859	5217.00478469	6062.03786575	4202.06175299	5991.0990991	5960.07088123	7012.90138408	6117.90526316	5412.29492188	5666.14727273	5782.07079646	6584.52827141	5730.87850467	5912.78191489	5688.00582524	5823.37537092	5768.48058252	5714.81521739	5036.02083333
alpha_rarefaction_24503_5.txt	24503	5	15173.6550079	5453.42857143	5867.49909584	6903.80887372	5498.09323583	5347.4573055	5934.38868613	6622.70950704	6055.01763668	4752.70114943	4944.40486726	5218.51090343	6605.32022472	4191.2815534	5977.51851852	5716.01486989	6896.64144737	6048.0273224	5652.47619048	5448.72759857	5689.07414105	6675.56112853	5818.33333333	5702.50169492	5359.28596187	5584.80152672	5647.42439024	5936.34482759	4892.61895161
alpha_rarefaction_24503_6.txt	24503	6	14796.0909091	5573.57692308	5908.03614458	6971.91083916	5535.72316384	5164.94285714	6085.06629834	7035.03874539	5892.11978221	4811.33453237	4635.10240964	5283.38362761	5986.20450607	4210.70784314	6098.02763385	5939.32941176	6837.96283784	6146.51067616	5387.5620915	5650.5	5749.08502773	6820.30923077	5952.77101968	5811.41238938	5629.09174312	6006.64772727	5875.11932773	6056.0502693	4860.62055336
alpha_rarefaction_24503_7.txt	24503	7	14787.6711916	5420.41935484	5774.79232112	6944.51235585	5165.23185841	5336.68525896	5775.41694915	6846.68449198	5669.34782609	5044.2	4856.8137045	5323.46104928	5918.3248731	4203.16699411	6360.85576923	6231.60479042	6918.07894737	6231.54033771	5129.68823529	5484.66605505	5499.02617801	6631.59167951	5737.28151986	5763.44367418	5530.61524164	6025.23003195	5741.13278689	5886.52372263	4778.12859885
alpha_rarefaction_24503_8.txt	24503	8	14643.127907	5527.11764706	6334.61058601	7165.59671533	5275.5	5130.5862069	5874.17098446	6770.94166667	5815.90526316	5069.36418511	4873.13017751	5179.38740157	5899.68928571	4142.5697446	6145.42234848	6096.23469388	6764.77561837	5988.51838235	5616.17582418	5700.50193798	5799.00191939	7073.49019608	5694.13863216	5702.01365188	5377.6169844	5852.25117005	6001.57042254	5815.8625	4820.79880478
alpha_rarefaction_24503_9.txt	24503	9	14553.5972222	5722.07129799	5726.50250417	6793.14196568	5547.16304348	5153.69188192	6057.6173913	6745.19858156	5615.51034483	4943.64853556	4876.92222222	5122.78110236	5782.01658375	4232.44423077	6640.92815534	5958.91546763	6751.18518519	6166.40150094	5231.62893082	5730.3220339	5955.82230624	6347.9518797	5751.27153558	5913.26608696	5328.83548983	5800.15044248	5914.10750853	5848.17773788	4762.35496183
alpha_rarefaction_28002_0.txt	28002	0	15782.0332889	5897.11367381	5910.97244733	6922.92724458	5308.28078818	5446.70556553	6244.54713805	7208.32352941	6181.07251265	5182.15508021	5323.45454545	5480.57369255	6125.44791667	4250.21164021	6470.37128713	6753.00561798	7107.32043344	6247.95993322	5808.57575758	5808.53602812	5897.45111492	7063.71052632	5964.33333333	6033.7535545	5811.66371681	5994.07580175	6090.74018127	6270.97478992	4872.66545455
alpha_rarefaction_28002_1.txt	28002	1	16988.4215827	5791.0	5942.56134969	7064.00459418	5377.61622465	5688.88235294	6338.26384365	7058.02269044	6152.82165605	5206.55970149	5405.00631579	5459.87557604	6343.13477537	4240.36545455	6383.77392739	6541.12264151	7510.21217105	6535.64827586	5695.26305609	5800.09187279	6030.26190476	6963.73423423	5883.69316375	5985.58211382	5915.41176471	5960.03021583	6420.0	6236.51369863	5033.07889546
alpha_rarefaction_28002_2.txt	28002	2	16463.0180807	6065.47627119	5836.65366615	7249.04739336	5526.14475874	5694.08637236	6254.04060914	7056.69016393	6049.32862191	5286.78492647	5246.25678497	5589.65420561	6446.54895105	4167.06785714	6614.69543974	6088.81206897	7366.0328125	6399.09565217	6089.19444444	6015.23285199	6134.91412214	7008.183161	5764.69282137	5892.18015267	5670.01666667	6029.82627737	6090.2826087	6142.27468582	5153.55974843
alpha_rarefaction_28002_3.txt	28002	3	16258.0655738	6028.24132231	6056.52216749	7147.26298157	5288.27126806	5729.61423221	6086.53104575	6880.99320883	6287.02590674	5221.8625	5389.00210526	5527.17061611	6125.68292683	4417.82706767	6736.36316695	6329.92857143	7196.03858521	6701.02830189	5572.79925651	5859.44444444	6031.38175676	6837.74418605	6038.1669506	6062.78476821	5711.16049383	5922.35928144	6107.27419355	5917.08376963	4968.97222222
alpha_rarefaction_28002_4.txt	28002	4	16162.4304636	5751.20352564	5934.62197092	7308.81170886	5547.89256198	5612.3556701	6055.49842271	7338.17398946	6071.55665025	4913.49174312	5125.0	5303.97289586	6440.18072289	4349.73616236	6486.52542373	6184.11764706	7562.55081967	6425.13422819	5823.68958743	5866.51919561	5984.60173913	7024.62068966	5775.62992126	6230.10638298	5744.66666667	6339.50965825	6057.34678625	6135.72629696	4973.50188679
alpha_rarefaction_28002_5.txt	28002	5	16185.9514563	5882.04545455	5994.40856672	7213.97129187	5389.81983471	5296.62176166	6230.37099494	7385.20512821	6195.89509306	4926.5923913	5188.80290456	5378.91716867	6236.99690402	4254.66433566	6463.56122449	6076.6993007	6894.00147059	6622.01219512	5504.43436293	5795.75591985	6017.20168067	7060.8904321	6154.79381443	6056.04255319	6117.96067416	5986.17409471	6102.45714286	6028.86334405	5038.4980695
alpha_rarefaction_28002_6.txt	28002	6	15714.9637097	5955.78877888	6207.56487342	7261.48976378	5333.57096248	5385.13451327	6197.60647359	7158.435	5974.26829268	5093.92393321	5320.27160494	5309.49851632	6387.01043478	4264.0961183	6910.86042403	5997.24080268	7183.89016393	6530.96173913	5684.48571429	6019.49610895	5690.91946309	6583.31636864	6034.57410562	6148.55499154	5595.17560976	6226.82916053	6054.63826607	6088.25311943	5192.85110664
alpha_rarefaction_28002_7.txt	28002	7	16679.8360414	5940.29482759	5804.9537037	7301.80360065	5613.39929329	5379.71578947	6395.24486301	7065.60565724	6281.24957841	5183.58064516	5366.61554622	5406.01371951	6357.5704698	4256.29946524	6452.91611842	6171.92026578	6944.63870968	6344.6349481	5616.04117647	5679.84385965	6197.56451613	6793.04291845	6059.21590909	6086.04582651	5641.69616027	6207.53560831	6242.3514377	6092.89464883	5453.36196319
alpha_rarefaction_28002_8.txt	28002	8	16070.8595745	6008.8542024	5925.25	7547.28229665	5544.16836735	5516.45979021	6282.15576324	6766.03482587	5957.34690554	5031.24137931	5478.69026549	5476.38496933	6502.6779661	4320.02985075	6960.2375	6133.80536913	6892.77375566	6573.98366606	5830.32793522	5799.51041667	5810.6336	6787.37481481	6208.46374368	6218.30232558	5725.09262436	6121.13138686	6077.18358209	5990.86759582	5096.65275142
alpha_rarefaction_28002_9.txt	28002	9	15854.5381415	5817.11492281	5808.16878981	7087.92879747	5555.12224109	5399.2437276	6475.77817531	7121.41433566	5834.76986755	5186.80263158	5401.64042553	5337.58045113	6431.95860927	4114.32590051	6731.35978836	6312.0052356	7356.0631068	6225.69536424	5325.7645951	5873.6529517	5849.25127334	7087.18694362	5755.01666667	6138.04769737	5735.18046358	6270.95555556	5761.64369501	5957.02479339	5201.81054688
alpha_rarefaction_31501_0.txt	31501	0	17087.8029294	6066.79758308	6129.82945736	7043.33753501	5641.21555916	5669.41956882	6510.1484375	7412.92113565	6347.11708861	5839.18994413	5383.63114754	5580.75726744	6733.96116505	4364.79695431	6579.63987138	6411.53671329	7377.9955157	6533.99684044	6025.20871143	6212.38421955	6255.11371237	7196.53112033	6094.74545455	6351.96784074	5835.5456	6390.13617021	6674.00766871	6197.3987034	5303.53153153
alpha_rarefaction_31501_1.txt	31501	1	17370.5955497	6028.45054945	6053.41766467	7558.71301775	5645.31981279	5658.86423841	6342.56621005	6948.29437229	6275.41875	5429.27272727	5526.72244094	5466.82011331	6562.52839117	4318.28869565	6966.25487013	6595.17218543	7393.0014556	7011.19893428	6038.27480916	5896.65943239	6493.67918089	7230.47605225	6182.62052117	6151.14242879	5898.54442649	6294.11911357	6667.3455414	6363.32727273	5096.5229682
alpha_rarefaction_31501_2.txt	31501	2	18092.3706564	6153.7399679	6343.04654896	7465.03056769	5583.24883359	5666.12520868	6535.07740916	7271.45665635	6571.33333333	5440.5389948	5297.32122371	5405.23202171	6708.21900161	4348.13893654	6754.69292605	6523.6331058	7541.18644068	6673.8902439	5852.25966851	6065.53233831	6227.59481361	7332.55128205	6224.52236422	6215.44274809	6141.33830846	6290.47844228	6168.00869565	6434.17752443	5401.13861386
alpha_rarefaction_31501_3.txt	31501	3	17888.3522727	5876.03980892	6104.81287425	7210.86482558	5748.22222222	6037.19371728	6384.56987578	7289.03888025	6483.35294118	5156.50425894	5366.15953307	5490.92372881	6587.50393701	4411.58584071	6710.38823529	6619.50503356	7539.21884058	6567.89703588	5908.15217391	6393.63818182	6239.45230263	7296.31683168	5927.25581395	6384.17348609	5630.06491499	6351.17955801	6281.31539611	6394.47979798	5063.36510791
alpha_rarefaction_31501_4.txt	31501	4	17803.3913043	6127.76525822	6042.97767857	7585.76911076	5708.63768116	5518.65378422	6248.50154321	7216.68072289	6441.32084691	5309.70905923	5511.79282869	5574.31837916	6902.77114428	4350.04123711	6730.80645161	6482.07624113	7506.64263323	6306.40277778	6300.26666667	6160.77624785	5945.75824176	7368.7366136	6132.59677419	6306.47087379	5898.69014085	6305.29090909	6168.00869565	6369.60189573	5199.15732369
alpha_rarefaction_31501_5.txt	31501	5	17875.1936759	6116.17363344	6191.78120185	7319.61796043	5691.25967742	6003.6	6733.063593	7491.86349693	6176.54075235	5313.51748252	5270.14872798	5557.0332829	6776.00988468	4269.32258065	6470.31538462	6189.85990338	7407.01438849	6918.53017945	6122.33333333	6196.89316988	6134.6484375	7548.33943662	5999.63249211	6661.63708399	6055.42857143	6496.15261628	6510.13204509	6380.78301887	5156.04070796
alpha_rarefaction_31501_6.txt	31501	6	16952.4298942	6011.88924559	5948.821875	7911.20792079	5567.11764706	5823.56351792	6625.63461538	7375.04739336	6391.79224806	5300.18292683	5337.33587786	5661.53046062	6659.33333333	4333.82910321	6740.78763867	6514.00516351	7357.85993976	7010.46416382	5692.72531418	6183.96046129	6170.14444444	7368.50578035	6129.13615023	6230.60787402	5812.875	6383.53305204	6378.82291667	6352.65853659	5093.73321555
alpha_rarefaction_31501_7.txt	31501	7	18387.048583	6170.5	6288.6703645	7923.29888712	5642.65696784	5627.9889065	6555.34951456	7527.07692308	6520.37707641	5330.37565217	5441.71203156	5520.39111748	6666.86875	4357.5467128	6492.6015625	6642.55746141	7613.68796434	6795.96153846	5791.71681416	6064.44425087	6232.78743961	7211.17524339	6172.25	6549.43307087	5931.93841167	6444.30705394	6427.99690402	6428.18476499	5295.65745856
alpha_rarefaction_31501_8.txt	31501	8	16765.1113831	6134.40842788	6302.13793103	7338.84188034	5717.31848185	5885.01219512	6313.09118087	7191.88333333	6608.73515249	5425.63716814	5868.19915254	5497.76671408	6497.31308411	4307.22628952	6624.87980769	7087.78756477	7336.01464129	6928.1456	5829.19125683	5979.30823117	6115.74267101	7498.82926829	6063.49526814	6465.96302251	5847.92753623	6394.01424501	6631.24246988	5957.64431487	5458.48571429
alpha_rarefaction_31501_9.txt	31501	9	17855.0081633	5888.07511737	6225.4519084	7467.76923077	5569.20127796	5495.05422648	6808.01652893	7386.0390625	6267.83980583	5261.38448276	5195.79316888	5553.98104956	6815.21372855	4309.31613977	6562.63567073	6514.72864322	7423.54531722	7024.88265306	5897.43382353	6405.06215722	6177.1031614	7121.85714286	6179.81642512	5980.00911854	5919.39215686	6081.51322751	6491.19369369	6402.74209651	5352.96226415
alpha_rarefaction_35000_0.txt	35000	0	18187.6990521	6343.38253012	6258.6642547	7914.80973451	5791.72873194	5854.61417323	6665.80851064	7831.60150376	6577.59398496	5617.34440559	5748.85009488	5588.04774536	7071.69417476	4508.70274637	6997.28715729	6729.64869281	7647.54774536	7216.14262561	6334.64028777	6339.28595318	6376.33794163	7126.27590674	6239.00430416	6738.58398744	6237.58544304	6514.67374005	6565.82085169	6212.39636914	5383.27640845
alpha_rarefaction_35000_1.txt	35000	1	18282.8650888	6058.13074713	6443.02288984	7890.21398601	5963.10638298	5650.92355694	7024.3375	7632.8008596	6780.47327044	5510.42857143	5488.14938489	5633.81147541	7071.50955414	4545.54125413	7148.5136	6945.89774697	7640.14763231	7102.10771704	6147.38006757	6136.56377953	6460.14082278	7525.14863103	6238.84705882	6218.87586207	6145.19823789	6558.10312076	6523.0	6674.87738854	5349.52758621
alpha_rarefaction_35000_2.txt	35000	2	19908.4125	6214.72503618	6419.25438596	7625.12638889	5840.23029366	6007.72020725	6645.11587983	7861.55934718	6819.05882353	5632.99833887	5601.1528777	5653.00134771	7207.45659164	4425.00162602	7050.50470219	7148.05319149	7649.01410437	7126.01916933	6202.79509632	6142.91935484	6434.62264151	7620.91044776	6245.4211288	6380.15977175	6201.00462963	6666.56195965	6540.43731778	6371.88053097	5425.92985612
alpha_rarefaction_35000_3.txt	35000	3	18454.4471744	6176.70180723	6384.41982507	8072.97959184	5969.52056962	5804.17619048	6802.08252427	7637.578125	6382.54289941	5315.10526316	5668.40618956	5673.84736091	6895.8	4432.1248	6931.22374429	6908.93809524	7468.030837	6949.53917051	6411.17439703	6311.61639344	6410.28229665	7479.45059289	6409.44314869	6495.07069219	6035.90196078	6485.74304636	6682.80088496	6223.30593607	5286.08290155
alpha_rarefaction_35000_4.txt	35000	4	19191.606357	6233.5625	6483.88971684	7840.75536481	5769.84821429	5745.40122511	6679.76444444	7948.90440061	6687.9254386	5557.24537815	5519.47531993	5595.71351351	6678.37091988	4376.23613312	7200.45063694	7020.68350168	7796.76730486	6874.15789474	6196.27468582	6482.19117647	6424.26592357	7545.67445055	6461.46200608	6560.70852018	6089.50148368	6504.88612565	6749.90791367	6427.73547401	5400.87477954
alpha_rarefaction_35000_5.txt	35000	5	18037.5119617	6508.16589862	6591.24463519	7832.26461988	5823.53398058	5776.85122699	6707.6328125	7708.52861446	6432.45335277	5381.12935323	5523.63068182	5726.56760563	6545.8436019	4572.37271215	6890.3222061	7194.28571429	7893.03059805	7198.57894737	6114.00515464	6292.31932773	6411.60189573	7671.7737931	6226.00442478	6325.59618008	6055.37226277	6259.27027027	6357.79497908	6463.97916667	5349.87873462
alpha_rarefaction_35000_6.txt	35000	6	18164.9525547	6067.03851641	6086.36016949	7578.02571042	6004.14849921	6060.87986464	6800.2101227	7653.15207373	6601.93806647	5408.8904321	5607.30570902	5740.46581197	6835.22289157	4514.56363636	7067.75957121	6842.8976	7879.01833568	6600.76444444	5950.75	6551.00518135	6815.0461285	7570.33242507	6177.50869565	6505.25766871	6174.86625194	6430.00789474	6580.06329114	6273.27859238	5083.46078431
alpha_rarefaction_35000_7.txt	35000	7	19546.9230769	6561.72413793	6320.89237668	7907.03581662	5615.75734158	5981.59359191	6877.59340659	7533.51428571	6402.95552367	5556.68838028	5492.36095764	5549.86538462	6819.79604262	4521.66444073	6936.80551302	6754.82229402	7599.35054348	6826.59167951	5959.96521739	6185.2048	6320.27429467	7617.28082192	6415.80454545	6476.84693878	6149.14242879	6437.12303665	6644.43041607	6439.83925811	5325.14285714
alpha_rarefaction_35000_8.txt	35000	8	18703.0423412	6292.38425926	6539.25460123	7421.87483871	5973.17472699	5960.43961353	6767.69618321	7881.06495468	6554.45606061	5622.43923611	5672.38921002	5702.94257703	7008.61111111	4494.56622517	7019.0275974	7006.76884422	7588.69736842	6979.78528529	6205.60147601	6505.43046358	6521.0214168	7637.93093923	6268.70728083	6413.99428571	5878.52071006	6497.10227273	6650.63256484	6270.49502134	5496.11891892
alpha_rarefaction_35000_9.txt	35000	9	18689.2631579	6466.85335413	6245.4211288	7536.23529412	5701.27586207	5771.79104478	6865.48108926	7819.93587786	6870.97400612	5597.20512821	5657.65275142	5748.30865922	6822.52336449	4374.17100977	6798.56042296	6830.07487521	7722.66949153	6922.20504732	5960.84369449	6278.912	6530.28926905	7183.50332005	6290.13343109	6484.9704579	6289.39593114	6296.99371859	6718.40528634	6537.6763754	5193.0